X,Z,preditcedLethality
999910,1003490,1.2881955917218875
999910,1003500,0.23265674548383686
999910,1003510,-0.15878431797682424
999910,1003520,0.10139247718689148
999910,1003530,0.507230840408738
999910,1003540,0.49014285315570305
999910,1003550,0.15212840859385324
999910,1003560,0.01720983619816252
999910,1003570,-0.04983875709513086
999910,1003580,-0.09277590976489591
999910,1003590,-0.15230377154875896
999910,1003600,-0.34087344144427334
999910,1003610,-0.41484042864249204
999910,1003620,-0.6933276792224206
999910,1003630,-0.2890061675752804
999910,1003640,-0.14345155543196597
999910,1003650,-0.35841038031867356
999910,1003660,-0.6168550581314776
999910,1003670,-0.8267115629023465
999910,1003680,0.7052269483720011
999910,1003690,0.8046242116142821
999910,1003700,0.3175615222462511
999910,1003710,-0.345897960356524
999910,1003720,-0.4023363424021227
999910,1003730,-0.4728852107473358
999910,1003740,-0.7213637577697227
999910,1003750,-2.102991530638974
999910,1003760,-2.608833419097209
999910,1003770,-2.914653116120462
999910,1003780,-2.8960617152151826
999910,1003790,-2.5447793418752553
999910,1003800,-35.910594614873844
999910,1003810,-4.50741499536889
999910,1003820,46.32746802019028
999910,1003830,61.974966892023076
999910,1003840,38.53078658668164
999910,1003850,-776.6963631543658
999910,1003860,-764.3723702456082
999910,1003870,-751.6580873365856
999910,1003880,-703.073603930683
999910,1003890,1842.3891305309626
999910,1003900,10797.584728482729
999910,1003910,2640.6205546934398
999910,1003920,1027.0666145949326
999910,1003930,-573.0844957916597
999910,1003940,7669.771809698683
999910,1003950,16712.372563338078
999910,1003960,-5583.24743772783
999910,1003970,-5514.663779670893
999910,1003980,-5369.383016246855
999910,1003990,7441.173918143908
999910,1004000,-5236.070660809684
999910,1004010,-13164.11439069561
999910,1004020,-12066.686501124514
999910,1004030,-10967.343333701818
999910,1004040,-5758.721823753451
999910,1004050,-204.7385240601543
999910,1004060,-20.079105717417406
999920,1003490,0.20964027248919592
999920,1003500,-0.9492320086246764
999920,1003510,-0.45284013256969047
999920,1003520,0.08725760570450802
999920,1003530,0.35474534195964225
999920,1003540,0.41675600786766154
999920,1003550,0.18026019599710708
999920,1003560,0.030697582176799187
999920,1003570,-0.059670843573258026
999920,1003580,-0.2833347795640293
999920,1003590,-0.7554703001915186
999920,1003600,-0.9227969489256793
999920,1003610,-0.8800354862796667
999920,1003620,-0.7876549002794491
999920,1003630,-0.4667539951078652
999920,1003640,-0.3046716107019165
999920,1003650,-0.7463477048549976
999920,1003660,-1.6570470214319357
999920,1003670,-2.0541863144644594
999920,1003680,-0.9185492386714031
999920,1003690,0.6736755054334935
999920,1003700,0.3467271944718959
999920,1003710,0.02685915796973859
999920,1003720,-0.03532426709352876
999920,1003730,-0.021023098070145352
999920,1003740,-0.651427291912114
999920,1003750,-1.670903536822152
999920,1003760,-2.1864226855796005
999920,1003770,-2.274324299167347
999920,1003780,-1.9784605963031936
999920,1003790,-1.568000391456735
999920,1003800,-14.985118618493289
999920,1003810,25.25463820150253
999920,1003820,64.88401233120021
999920,1003830,71.27553108326902
999920,1003840,46.587989736555755
999920,1003850,-774.9179138522268
999920,1003860,-814.6694825883351
999920,1003870,-821.8554397818261
999920,1003880,-792.8321272604844
999920,1003890,262.9540556181055
999920,1003900,5635.037608643845
999920,1003910,-2229.1814506635455
999920,1003920,-3850.5786042167347
999920,1003930,-5445.179978788623
999920,1003940,7407.288545522915
999920,1003950,14596.075554953026
999920,1003960,-5601.914430523637
999920,1003970,-5546.274638458777
999920,1003980,-5401.409017781869
999920,1003990,5682.509726961809
999920,1004000,-4593.626243666902
999920,1004010,-17494.93055965001
999920,1004020,-16446.214456542573
999920,1004030,-15355.411119636945
999920,1004040,-14256.707673948385
999920,1004050,-1358.5600175675609
999920,1004060,-31.42056955847147
999930,1003490,-7.896995702521963
999930,1003500,-4.02827597131909
999930,1003510,-0.6538301344735373
999930,1003520,0.18403328375643468
999930,1003530,0.40751991332581383
999930,1003540,0.41475357339732
999930,1003550,0.19992230194839067
999930,1003560,0.06260561562885414
999930,1003570,-0.028346446710202144
999930,1003580,-0.26597785564445076
999930,1003590,-0.6971509218819847
999930,1003600,-1.063904986007401
999930,1003610,-1.6309933046977676
999930,1003620,-1.5594598638817843
999930,1003630,-1.169547117267939
999930,1003640,-0.7691191914163937
999930,1003650,-1.2413644957596262
999930,1003660,-2.151225755271298
999930,1003670,-3.6695556140075496
999930,1003680,0.37140700505915447
999930,1003690,0.6466717119437817
999930,1003700,0.20633849715159158
999930,1003710,0.003996852323325584
999930,1003720,0.06744454202635097
999930,1003730,0.3204914153648133
999930,1003740,0.279782908019115
999930,1003750,-0.08181654357395018
999930,1003760,-0.764124368532066
999930,1003770,-1.0157395463356806
999930,1003780,-0.8750788837096479
999930,1003790,-0.33495219099495444
999930,1003800,13.763197959287936
999930,1003810,66.04791588530134
999930,1003820,75.15880645400102
999930,1003830,85.81008653052777
999930,1003840,80.68499615586552
999930,1003850,-297.22781473416035
999930,1003860,-800.9863675296037
999930,1003870,5140.890091201134
999930,1003880,4046.616986350553
999930,1003890,1842.6548844597673
999930,1003900,-5702.877622108175
999930,1003910,-7093.65784489569
999930,1003920,-3003.768049815397
999930,1003930,395.17114296410364
999930,1003940,6601.157535208524
999930,1003950,12384.220435249994
999930,1003960,-5592.379976294531
999930,1003970,-5534.281449591366
999930,1003980,6705.042611017048
999930,1003990,-4963.540325815247
999930,1004000,-10341.173225493989
999930,1004010,-21878.521496146594
999930,1004020,-20847.59868895599
999930,1004030,-20369.81573211071
999930,1004040,-14908.573712454312
999930,1004050,-16920.259816841568
999930,1004060,-39.86741181079924
999940,1003490,-82.13013989855608
999940,1003500,-17.142546092214616
999940,1003510,-0.5387416633420798
999940,1003520,0.3726334936109197
999940,1003530,0.5583889176159573
999940,1003540,0.44519225329713663
999940,1003550,0.3019468886668619
999940,1003560,0.11491035281142103
999940,1003570,-0.024000557594263228
999940,1003580,-0.08393832720685168
999940,1003590,-0.040147813877410954
999940,1003600,-0.18698792454597424
999940,1003610,-0.9776014057897555
999940,1003620,-1.5002373081260885
999940,1003630,-1.4446854043089843
999940,1003640,-1.2598341937664372
999940,1003650,-1.6106657613236166
999940,1003660,-2.8344208676535345
999940,1003670,-2.1008026151866943
999940,1003680,-0.03827025324062561
999940,1003690,0.23094668693011045
999940,1003700,-0.12003737135455594
999940,1003710,-0.21735758697104757
999940,1003720,-0.10283296201305347
999940,1003730,0.2699875308207993
999940,1003740,0.6428793608611159
999940,1003750,0.7162938536457659
999940,1003760,0.6403759811255441
999940,1003770,0.31931397413791274
999940,1003780,0.34569454280790524
999940,1003790,0.5942763500024739
999940,1003800,-0.03134127595330938
999940,1003810,87.60074709183755
999940,1003820,106.22373448893268
999940,1003830,50.61406269381041
999940,1003840,50.922155280673906
999940,1003850,-15.660598033562565
999940,1003860,3556.848108002934
999940,1003870,7583.530222299687
999940,1003880,5226.185421612263
999940,1003890,1819.16772461664
999940,1003900,-14916.549456724682
999940,1003910,2365.5323447159353
999940,1003920,7609.773968266538
999940,1003930,11239.469462650606
999940,1003940,17945.630541982482
999940,1003950,10211.822981529778
999940,1003960,14553.643465843252
999940,1003970,5623.104476703502
999940,1003980,7964.498943246679
999940,1003990,-3855.433415860254
999940,1004000,-15123.555415264269
999940,1004010,-23163.197892051834
999940,1004020,-26645.144760965562
999940,1004030,-24183.295005621865
999940,1004040,-23024.535067863948
999940,1004050,-21913.983390146106
999940,1004060,-61.54580568099118
999950,1003490,-894.7116310463425
999950,1003500,-83.84707011795035
999950,1003510,1.7813146989465167
999950,1003520,0.6556014562047494
999950,1003530,0.7155600572405092
999950,1003540,0.7027834678847285
999950,1003550,1.6284953927788592
999950,1003560,0.6508774600770266
999950,1003570,-0.3175014805783576
999950,1003580,-0.5562141693699232
999950,1003590,9.981370546240214
999950,1003600,13.618943577585014
999950,1003610,7.198170396226487
999950,1003620,-1.8079889094551618
999950,1003630,-0.40391081663619843
999950,1003640,9.213688976396952
999950,1003650,31.524380523133004
999950,1003660,46.93567742168307
999950,1003670,23.72649114581509
999950,1003680,0.039384262654493796
999950,1003690,-5.402929700238019
999950,1003700,-14.618581434366206
999950,1003710,-20.186393985812174
999950,1003720,-8.444629076369893
999950,1003730,0.018952621841890505
999950,1003740,0.5956744773902756
999950,1003750,0.6226171906346281
999950,1003760,0.4123949254390027
999950,1003770,0.4186943025961227
999950,1003780,0.3739292651480355
999950,1003790,0.39051359994118684
999950,1003800,78.95007476987303
999950,1003810,93.25956796413448
999950,1003820,34.126435505404515
999950,1003830,-209.34209682387518
999950,1003840,-401.380327353163
999950,1003850,4219.537961881044
999950,1003860,1303.175725708741
999950,1003870,-1820.7635880345879
999950,1003880,1024.8100624658218
999950,1003890,-2336.7835018898077
999950,1003900,19719.98689971014
999950,1003910,9334.141313438031
999950,1003920,7353.328061766097
999950,1003930,13735.196014076264
999950,1003940,11656.42806143747
999950,1003950,27864.416577939788
999950,1003960,25398.638185102107
999950,1003970,13924.34524324273
999950,1003980,-1727.0901701738694
999950,1003990,-9784.865786905531
999950,1004000,-8344.470320430031
999950,1004010,-19292.50787185253
999950,1004020,-22780.92216271238
999950,1004030,-27505.320576174545
999950,1004040,-27458.993586174194
999950,1004050,-26330.18595753828
999950,1004060,-387.06646231795094
999960,1003490,-3809.9735866817173
999960,1003500,-133.97002838538538
999960,1003510,-2.2836142928390473
999960,1003520,0.40809088392779813
999960,1003530,0.7837352693131834
999960,1003540,0.9496574035329104
999960,1003550,0.6558561972924508
999960,1003560,-0.39165655948090716
999960,1003570,-0.8406688283321273
999960,1003580,12.18414415928055
999960,1003590,16.799047435855755
999960,1003600,11.139583465646865
999960,1003610,4.988357072132203
999960,1003620,-1.5763747846394836
999960,1003630,-7.922574023676134
999960,1003640,-16.042317405645008
999960,1003650,7.808191908774461
999960,1003660,44.00014815666873
999960,1003670,48.193738946753
999960,1003680,31.112194153847668
999960,1003690,-6.756550130328833
999960,1003700,-74.56289574749462
999960,1003710,-13.836064619692479
999960,1003720,-13.217295325554005
999960,1003730,-1.6621358291122306
999960,1003740,5.600158163219021
999960,1003750,21.508987167606392
999960,1003760,-0.5773888444418844
999960,1003770,-0.38440796199211036
999960,1003780,0.2522429588025261
999960,1003790,0.05856074893017649
999960,1003800,78.7857129838776
999960,1003810,94.39007849883274
999960,1003820,-34.72785760287297
999960,1003830,-813.8084753112089
999960,1003840,-669.7483648878588
999960,1003850,-317.32779809058775
999960,1003860,-2717.551272874767
999960,1003870,-5833.358485955392
999960,1003880,-3222.9497152699514
999960,1003890,-6603.9566129203195
999960,1003900,18341.575387710403
999960,1003910,3280.9971638052084
999960,1003920,1268.8218995319257
999960,1003930,7340.172467876473
999960,1003940,10144.042085857494
999960,1003950,39562.9451498237
999960,1003960,28313.062969022478
999960,1003970,16224.817214601731
999960,1003980,4968.0092696768115
999960,1003990,-735.1778339612938
999960,1004000,-7520.689976915986
999960,1004010,-19190.49066119517
999960,1004020,-23277.75723687342
999960,1004030,-26592.300857716353
999960,1004040,-25058.625783501306
999960,1004050,-5235.114714877283
999960,1004060,-883.6836394346501
999970,1003490,-768.3074924850844
999970,1003500,-93.61488127231496
999970,1003510,-2.4917779256902577
999970,1003520,-0.10871017652607406
999970,1003530,0.22432439348267508
999970,1003540,0.5395693066711829
999970,1003550,-0.13138875780350645
999970,1003560,-0.8312990740341775
999970,1003570,-1.0235808667675883
999970,1003580,12.300709267092316
999970,1003590,17.549108572235127
999970,1003600,12.644961213114584
999970,1003610,6.694715422727313
999970,1003620,0.07844680295602302
999970,1003630,-53.3353692975179
999970,1003640,-159.44575259888734
999970,1003650,-4.1516100986737
999970,1003660,22.822030277715385
999970,1003670,44.52424203949704
999970,1003680,6.023138867032685
999970,1003690,-139.2134491383731
999970,1003700,-59.97570115665803
999970,1003710,-56.72781812973335
999970,1003720,-3.295059474530717
999970,1003730,2.3942450654467393
999970,1003740,23.1477367725347
999970,1003750,30.318143840191624
999970,1003760,33.8225798339372
999970,1003770,-1.2108801293616125
999970,1003780,-0.37518200093109044
999970,1003790,-0.3994289329602907
999970,1003800,76.96800889186488
999970,1003810,91.14760496584131
999970,1003820,72.46924222158486
999970,1003830,-42.896868366475246
999970,1003840,42.78419349222895
999970,1003850,-9206.968211043972
999970,1003860,-11664.08674025207
999970,1003870,-14621.406585585715
999970,1003880,-13064.835111957258
999970,1003890,-11112.121432680866
999970,1003900,5806.339331778534
999970,1003910,-5595.404883599913
999970,1003920,-12717.54072546036
999970,1003930,-6790.178356628265
999970,1003940,7098.827722121459
999970,1003950,23482.044012897197
999970,1003960,2696.8183766140137
999970,1003970,-8506.434186781618
999970,1003980,-1681.1106601722931
999970,1003990,-7836.606036390924
999970,1004000,-6234.284282501136
999970,1004010,-29917.400980275223
999970,1004020,-33313.71440542127
999970,1004030,-31623.81012370103
999970,1004040,-4771.267162201253
999970,1004050,-4250.064143205909
999970,1004060,-427.83655897314384
999980,1003490,-48.58383085072637
999980,1003500,-82.63624155191428
999980,1003510,-15.354925177769474
999980,1003520,-1.32918312342008
999980,1003530,-0.11323743705361267
999980,1003540,0.39388492217767634
999980,1003550,-0.5117870140129526
999980,1003560,-0.9363054041059513
999980,1003570,-1.012665862468566
999980,1003580,12.869845141391124
999980,1003590,19.181944410262076
999980,1003600,14.831327903328202
999980,1003610,9.041456285634922
999980,1003620,1.853571326999372
999980,1003630,-56.718528722016345
999980,1003640,-175.21992888780005
999980,1003650,-133.64845610256816
999980,1003660,9.110600008618349
999980,1003670,41.90360488720398
999980,1003680,13.529553220130765
999980,1003690,-129.4504074095421
999980,1003700,-191.41922263434753
999980,1003710,-45.472448614647874
999980,1003720,7.958083662797435
999980,1003730,18.04538641322506
999980,1003740,49.29431971005033
999980,1003750,66.40289613978894
999980,1003760,28.87538949100781
999980,1003770,0.18022828030734672
999980,1003780,0.1730813697904523
999980,1003790,-0.020248024691682076
999980,1003800,28.887374373294733
999980,1003810,78.0237800142022
999980,1003820,99.03628450098404
999980,1003830,90.30171064560636
999980,1003840,84.08712277991799
999980,1003850,-4468.09259828187
999980,1003860,-19625.198520667513
999980,1003870,-13985.596421114318
999980,1003880,-17184.648516728204
999980,1003890,-26735.122727912003
999980,1003900,-19138.476096697104
999980,1003910,-26912.74623032074
999980,1003920,-23758.21241708261
999980,1003930,-20932.955653264205
999980,1003940,-22354.876447326573
999980,1003950,-15390.986883386799
999980,1003960,-31045.52504673872
999980,1003970,-27360.75804209251
999980,1003980,-30488.82938601101
999980,1003990,-24282.93782968065
999980,1004000,-31135.649036140418
999980,1004010,-44028.58152698522
999980,1004020,-42927.2416479987
999980,1004030,-11897.618848469621
999980,1004040,-7701.009960970532
999980,1004050,-986.8314236269543
999980,1004060,-149.94424147279278
999990,1003490,-75.20065043178693
999990,1003500,-643.9817541830598
999990,1003510,-598.3067250920176
999990,1003520,-36.858447230875754
999990,1003530,-0.49591945916836266
999990,1003540,0.27781683661669376
999990,1003550,-0.6917577419480949
999990,1003560,-0.9318991266882222
999990,1003570,-1.017909265403432
999990,1003580,13.300610728696483
999990,1003590,20.724656487273023
999990,1003600,16.442715431225224
999990,1003610,10.960718053651362
999990,1003620,4.987969884150516
999990,1003630,-51.240115295473515
999990,1003640,-185.13432351068695
999990,1003650,-145.29357724921647
999990,1003660,-113.88386621320024
999990,1003670,15.883900195880415
999990,1003680,13.200040909800009
999990,1003690,-114.49627680303456
999990,1003700,-125.18555183652279
999990,1003710,-159.1686686013236
999990,1003720,-13.110947395452968
999990,1003730,36.4740642324432
999990,1003740,38.93508040462257
999990,1003750,26.988572453123197
999990,1003760,10.815699688489985
999990,1003770,8.101508533680317
999990,1003780,-0.08376469654831453
999990,1003790,0.14880441971399705
999990,1003800,0.17114856613989105
999990,1003810,58.277607645384705
999990,1003820,52.399915635945945
999990,1003830,-37.27850507131734
999990,1003840,-33.378787550816924
999990,1003850,-64.12668068487619
999990,1003860,541.7940695972466
999990,1003870,-3344.016824423041
999990,1003880,-21222.970191779674
999990,1003890,-24452.888570003848
999990,1003900,-31361.090894483623
999990,1003910,-26571.609930713643
999990,1003920,-27875.18844911207
999990,1003930,-25572.082362811776
999990,1003940,-21080.444621165185
999990,1003950,-29331.864077528193
999990,1003960,-31257.754567715954
999990,1003970,-40971.04304361167
999990,1003980,-40319.87706278828
999990,1003990,-38875.97495449692
999990,1004000,-41885.725686621256
999990,1004010,-46775.32282972618
999990,1004020,-14332.452514971937
999990,1004030,-13086.74781873231
999990,1004040,-928.960084040893
999990,1004050,-907.8906997057602
999990,1004060,-148.45120586581106
1000000,1003490,-1966.9269542612346
1000000,1003500,-21772.140415050908
1000000,1003510,-15190.656084446044
1000000,1003520,-463.78235311228855
1000000,1003530,-0.15943971796150436
1000000,1003540,0.16326445243976195
1000000,1003550,-0.29988274035349605
1000000,1003560,-0.550951605062437
1000000,1003570,14.289342199470411
1000000,1003580,23.976483436559647
1000000,1003590,-18.67812080332442
1000000,1003600,-104.38788924801702
1000000,1003610,-147.64646343531422
1000000,1003620,-181.9799484480427
1000000,1003630,-187.00539651300278
1000000,1003640,-16302.213203051771
1000000,1003650,-37103.60693502503
1000000,1003660,-39935.748576341575
1000000,1003670,-12256.787723103796
1000000,1003680,-108.9924549607058
1000000,1003690,-368.4915837875342
1000000,1003700,-655.3154030389233
1000000,1003710,-792.2919784737423
1000000,1003720,-121.09157812530248
1000000,1003730,32.637412246509484
1000000,1003740,19.386119981401862
1000000,1003750,15.381106793513027
1000000,1003760,14.590790579346503
1000000,1003770,7.360526673077402
1000000,1003780,-0.5141519067510671
1000000,1003790,-0.42707977559257415
1000000,1003800,27.891040656690166
1000000,1003810,40.73321334641878
1000000,1003820,47.49888794360231
1000000,1003830,36.00058274156254
1000000,1003840,-49.90778353093992
1000000,1003850,-714.1578192732522
1000000,1003860,-801.4586200130689
1000000,1003870,-838.1189379037787
1000000,1003880,-5577.659235260853
1000000,1003890,-28424.15896244041
1000000,1003900,-22382.644157795035
1000000,1003910,-25802.301513495546
1000000,1003920,-29406.9266111688
1000000,1003930,-27521.232327593494
1000000,1003940,-27144.644345556273
1000000,1003950,-29168.767877673617
1000000,1003960,-27150.613785652047
1000000,1003970,-31270.2580962358
1000000,1003980,-34773.51521455287
1000000,1003990,-36058.43726956697
1000000,1004000,-37470.014120447624
1000000,1004010,-46635.46215862574
1000000,1004020,-13325.790035131638
1000000,1004030,-965.3460786419419
1000000,1004040,-940.0238804337532
1000000,1004050,-916.204909236807
1000000,1004060,-152.39502351235205
1000010,1003490,-1841.4362639324645
1000010,1003500,-8743.317575254634
1000010,1003510,-128.13400540958173
1000010,1003520,-1.4811743621285132
1000010,1003530,0.6759581728365447
1000010,1003540,15.32798665478549
1000010,1003550,14.082067752537114
1000010,1003560,24.353554661025555
1000010,1003570,24.789753309694788
1000010,1003580,-14.706558133086219
1000010,1003590,-433.1606524882918
1000010,1003600,-438.2781108129384
1000010,1003610,-755.9414008188432
1000010,1003620,-937.2401905811166
1000010,1003630,-12149.85149283065
1000010,1003640,-45954.25508244225
1000010,1003650,-44992.42511896152
1000010,1003660,-41128.81255562657
1000010,1003670,-38392.94534041741
1000010,1003680,-20352.795003525196
1000010,1003690,-5797.140367009833
1000010,1003700,-4130.821478842667
1000010,1003710,-791.8881531682091
1000010,1003720,-418.23282175750137
1000010,1003730,-63.78778449444144
1000010,1003740,-24.63428242025475
1000010,1003750,-26.93704782949135
1000010,1003760,17.670504465695558
1000010,1003770,10.310273239727394
1000010,1003780,-0.590940085825423
1000010,1003790,-0.6389791492947552
1000010,1003800,22.59004492104941
1000010,1003810,30.524429527784378
1000010,1003820,40.26635785893086
1000010,1003830,21.591266727231414
1000010,1003840,29.58755451505931
1000010,1003850,-673.7804483060936
1000010,1003860,-786.2258169627203
1000010,1003870,-832.9046829345571
1000010,1003880,-7034.314965845722
1000010,1003890,-8665.039070629686
1000010,1003900,-23620.319701262637
1000010,1003910,-30297.74679078007
1000010,1003920,-33906.063425379165
1000010,1003930,-32263.16810924369
1000010,1003940,-31094.49007125817
1000010,1003950,-23960.33434187187
1000010,1003960,-21090.16386343871
1000010,1003970,-25491.69948030263
1000010,1003980,-29271.472518794235
1000010,1003990,-30445.338617464946
1000010,1004000,-36565.59481711815
1000010,1004010,-41660.75974714979
1000010,1004020,-12913.464844621933
1000010,1004030,-971.453381370713
1000010,1004040,-942.3534063452789
1000010,1004050,-447.38005085878467
1000010,1004060,-187.74459499020668
1000020,1003490,0.5716662055529014
1000020,1003500,-0.006846243068139302
1000020,1003510,0.20567768600812997
1000020,1003520,22.44459382493733
1000020,1003530,15.800252006582014
1000020,1003540,18.55972777664647
1000020,1003550,20.7154381492619
1000020,1003560,23.412450167885254
1000020,1003570,-9.666219123562769
1000020,1003580,-149.6829136745473
1000020,1003590,-898.9850280777719
1000020,1003600,-907.9583949183252
1000020,1003610,-445.92672838401995
1000020,1003620,-1579.0730958820895
1000020,1003630,-8076.697824586732
1000020,1003640,-35923.66029319723
1000020,1003650,-43471.14328947436
1000020,1003660,-42264.40234732971
1000020,1003670,-40459.579801061045
1000020,1003680,-35874.7738480666
1000020,1003690,-27729.52785161897
1000020,1003700,-4785.136176274897
1000020,1003710,-4911.349731264261
1000020,1003720,-400.343022391713
1000020,1003730,-159.53347883627794
1000020,1003740,-163.3645841357902
1000020,1003750,-24.126230538651726
1000020,1003760,-20.891415505608165
1000020,1003770,10.407538325413043
1000020,1003780,-0.6743922677669616
1000020,1003790,-0.6291046158185054
1000020,1003800,22.31283518464261
1000020,1003810,28.65357267444415
1000020,1003820,34.120888634690345
1000020,1003830,33.33243364841837
1000020,1003840,7.040228871341242
1000020,1003850,-359.76754566465024
1000020,1003860,-350.1210533157973
1000020,1003870,-379.07474327762975
1000020,1003880,-856.4915425908948
1000020,1003890,-9554.048969098538
1000020,1003900,-5685.357291925258
1000020,1003910,-6960.46980772258
1000020,1003920,-8594.141535332816
1000020,1003930,-38398.27137198558
1000020,1003940,-29419.240168509754
1000020,1003950,-23583.938724559386
1000020,1003960,-27441.9617855984
1000020,1003970,-27775.158823388152
1000020,1003980,-23799.287800075184
1000020,1003990,-29946.244618419038
1000020,1004000,-31303.240337365267
1000020,1004010,-10803.451814534685
1000020,1004020,-898.1174721083116
1000020,1004030,-977.012641967227
1000020,1004040,-469.27427313513545
1000020,1004050,-476.72058669662147
1000020,1004060,-39.30769930663155
1000030,1003490,0.1677161524676194
1000030,1003500,0.36761400902832975
1000030,1003510,0.3275879524262564
1000030,1003520,15.98789461663182
1000030,1003530,16.584818911211187
1000030,1003540,15.726089331288676
1000030,1003550,19.304460927127366
1000030,1003560,22.475397163845628
1000030,1003570,-47.207823771499534
1000030,1003580,-431.32919643308196
1000030,1003590,-900.301692882229
1000030,1003600,-905.673795827166
1000030,1003610,-915.1955750089073
1000030,1003620,-1757.5240170201687
1000030,1003630,-4674.039262787217
1000030,1003640,-33785.56237511929
1000030,1003650,-39128.65046589964
1000030,1003660,-44028.88464897251
1000030,1003670,-44091.32260020806
1000030,1003680,-37655.669887579745
1000030,1003690,-29617.800891577117
1000030,1003700,-24813.031860232953
1000030,1003710,-6356.311861317245
1000030,1003720,-122.05981549184435
1000030,1003730,-156.1804708196396
1000030,1003740,-160.91083824244197
1000030,1003750,-164.53538847317031
1000030,1003760,20.506133624225185
1000030,1003770,-0.6825603608340316
1000030,1003780,-0.7293095394379634
1000030,1003790,-0.7288161845644936
1000030,1003800,12.148589555636136
1000030,1003810,25.792423535483977
1000030,1003820,22.943380846281798
1000030,1003830,25.846498780858383
1000030,1003840,22.685598741500144
1000030,1003850,-4.693749931935599
1000030,1003860,-137.0298946710136
1000030,1003870,-402.6877239625137
1000030,1003880,-407.1582439888625
1000030,1003890,-424.233486778754
1000030,1003900,-892.8004715795578
1000030,1003910,-924.802662191014
1000030,1003920,-12490.698564936396
1000030,1003930,-11387.09569832469
1000030,1003940,-9031.733457834835
1000030,1003950,-7750.910237014596
1000030,1003960,-817.4396303528156
1000030,1003970,-1453.1853630062578
1000030,1003980,-779.8156966184215
1000030,1003990,-1652.808406622742
1000030,1004000,182.83666361109135
1000030,1004010,-181.6375802116636
1000030,1004020,-198.83015499369867
1000030,1004030,-60.50581819008585
1000030,1004040,-118.47749355801716
1000030,1004050,-3.6344981214751897
1000030,1004060,4.214109280928824
1000040,1003490,-0.17311706138207228
1000040,1003500,-0.20022221516046557
1000040,1003510,-1.3207991224371654
1000040,1003520,7.5217877564973605
1000040,1003530,11.436497363032686
1000040,1003540,13.453338897405047
1000040,1003550,17.44832926756135
1000040,1003560,-1.63634842745887
1000040,1003570,-154.7550889575905
1000040,1003580,-431.0624243600578
1000040,1003590,-897.1630920501302
1000040,1003600,-901.3038630073315
1000040,1003610,-1391.8078025666655
1000040,1003620,-2607.9294645524096
1000040,1003630,-3907.708701065825
1000040,1003640,-31630.95630421025
1000040,1003650,-36976.16796532177
1000040,1003660,-42428.30639456399
1000040,1003670,-43961.81606290871
1000040,1003680,-39440.053425528225
1000040,1003690,-31538.032109686686
1000040,1003700,-26772.995679505544
1000040,1003710,-25976.333410393923
1000040,1003720,-7594.73996288444
1000040,1003730,-148.196582114575
1000040,1003740,-158.20770952205567
1000040,1003750,-161.8375284894464
1000040,1003760,-22.76144754219058
1000040,1003770,12.085206380379532
1000040,1003780,-0.7440584627001954
1000040,1003790,-0.7157106361955812
1000040,1003800,-0.5368748373330163
1000040,1003810,5.080338826363004
1000040,1003820,11.167582481659338
1000040,1003830,18.399723172562517
1000040,1003840,18.39644811915423
1000040,1003850,13.886683598091622
1000040,1003860,1.1307792244224402
1000040,1003870,-27.116951811021863
1000040,1003880,-170.77011695699548
1000040,1003890,-189.2968009289143
1000040,1003900,-205.30022134608225
1000040,1003910,-341.641110933826
1000040,1003920,-468.8305247056378
1000040,1003930,-899.1857253001326
1000040,1003940,-885.103650029112
1000040,1003950,-869.4565466532622
1000040,1003960,-850.7955904057344
1000040,1003970,-390.66199240361675
1000040,1003980,-423.11437186492185
1000040,1003990,-160.8279455861084
1000040,1004000,-169.5244557867809
1000040,1004010,-180.93325230292612
1000040,1004020,-48.79881557124827
1000040,1004030,-59.53775608913929
1000040,1004040,-6.9791118064422335
1000040,1004050,-4.382824650729162
1000040,1004060,-1.7090139742249448
1000050,1003490,-0.48311847648074036
1000050,1003500,-2.6222157031334064
1000050,1003510,-2.2622387896662985
1000050,1003520,2.837254751324508
1000050,1003530,8.20119832788987
1000050,1003540,11.453638653310918
1000050,1003550,14.21073084282034
1000050,1003560,17.559103915369633
1000050,1003570,-439.273902951285
1000050,1003580,-900.6006487719096
1000050,1003590,-1595.7568215503125
1000050,1003600,-2234.7666599006334
1000050,1003610,-2528.7320394581766
1000050,1003620,1952.3350867677982
1000050,1003630,-24134.245617854085
1000050,1003640,-23798.491848869224
1000050,1003650,-25268.158938897508
1000050,1003660,-35723.82230031154
1000050,1003670,-39390.02501850334
1000050,1003680,-38225.762717706195
1000050,1003690,-29241.658058807338
1000050,1003700,-20586.28651547812
1000050,1003710,-19766.73962814707
1000050,1003720,-6122.38863573546
1000050,1003730,-130.43398295806765
1000050,1003740,-151.44548758726523
1000050,1003750,-160.6149811825053
1000050,1003760,-20.1817610574617
1000050,1003770,12.698190166946006
1000050,1003780,-0.6331147392520506
1000050,1003790,-0.5128451665113971
1000050,1003800,-0.5243236053756846
1000050,1003810,-0.5109955274783715
1000050,1003820,-0.6271746025850007
1000050,1003830,7.7788508239355
1000050,1003840,11.893923132858617
1000050,1003850,11.971488434839557
1000050,1003860,6.342749197381636
1000050,1003870,5.973674481258058
1000050,1003880,-50.60158114281148
1000050,1003890,-208.0343999572906
1000050,1003900,-195.24848782528352
1000050,1003910,-172.15617510514494
1000050,1003920,-156.58300009584855
1000050,1003930,-418.78927213709903
1000050,1003940,-863.8525733184615
1000050,1003950,-852.9564721122842
1000050,1003960,-844.150717596207
1000050,1003970,-417.6751284747843
1000050,1003980,-153.1498972222289
1000050,1003990,-156.978944256869
1000050,1004000,-173.62045561738705
1000050,1004010,-182.90366995938166
1000050,1004020,-41.242747737353056
1000050,1004030,0.3090891302745149
1000050,1004040,-1.7689615231174685
1000050,1004050,-3.4148200186500617
1000050,1004060,-4.779291352595465
1000060,1003490,-0.27761529982308275
1000060,1003500,-1.1469251801354403
1000060,1003510,0.10408380077205948
1000060,1003520,4.9484980366287346
1000060,1003530,9.417248131550878
1000060,1003540,-34.57487494236193
1000060,1003550,-33.03023380689774
1000060,1003560,-117.40771157887139
1000060,1003570,-436.9385501867764
1000060,1003580,-1601.9275243919728
1000060,1003590,5214.31592407847
1000060,1003600,3314.2122899687492
1000060,1003610,-8512.231888559672
1000060,1003620,-10317.761615224932
1000060,1003630,-5713.1665228353995
1000060,1003640,576.0230547631327
1000060,1003650,-5935.8728709959505
1000060,1003660,-22963.665304234946
1000060,1003670,-31308.383980626855
1000060,1003680,-29204.61943884061
1000060,1003690,-20355.13941117055
1000060,1003700,-14757.87323623888
1000060,1003710,-23252.274807732534
1000060,1003720,-5135.176174986827
1000060,1003730,-504.374476640809
1000060,1003740,-400.53330088445
1000060,1003750,-416.98830267526137
1000060,1003760,19.34958055658717
1000060,1003770,17.539289054617257
1000060,1003780,-0.2729115760193963
1000060,1003790,-0.3079861395635817
1000060,1003800,-0.4158366877636581
1000060,1003810,-0.5060242139115871
1000060,1003820,-0.7015116504881007
1000060,1003830,5.655412560288823
1000060,1003840,3.3503519896657963
1000060,1003850,6.633183285204723
1000060,1003860,5.389512646182993
1000060,1003870,-3.681451719505276
1000060,1003880,-59.34834299148133
1000060,1003890,-52.53873317354373
1000060,1003900,-145.615118934973
1000060,1003910,-156.4413427757354
1000060,1003920,-143.52647984024588
1000060,1003930,-400.3145275523457
1000060,1003940,-403.05161459773444
1000060,1003950,-766.5028095579073
1000060,1003960,-831.242415043107
1000060,1003970,-402.4032068732886
1000060,1003980,-139.8311931931421
1000060,1003990,-159.375817462369
1000060,1004000,-169.57030846491762
1000060,1004010,-158.46286954283642
1000060,1004020,-26.463027516558213
1000060,1004030,10.638226335551735
1000060,1004040,9.551535736001824
1000060,1004050,9.382882192800025
1000060,1004060,8.80481027956921
1000070,1003490,0.6985610807787452
1000070,1003500,0.5717650539700116
1000070,1003510,0.7812102856150887
1000070,1003520,10.763733134092035
1000070,1003530,18.938635900962254
1000070,1003540,-22.578403411873296
1000070,1003550,-152.6686271785111
1000070,1003560,-145.49124745775407
1000070,1003570,-2537.8337543889465
1000070,1003580,931.1471363494093
1000070,1003590,-5071.637348496293
1000070,1003600,-3908.4970653919772
1000070,1003610,-15157.65196702175
1000070,1003620,-8534.173786931286
1000070,1003630,1147.9200568412089
1000070,1003640,12111.116675661546
1000070,1003650,-3320.9870065383548
1000070,1003660,1280.2563127551402
1000070,1003670,-34133.39260238
1000070,1003680,-28256.951773543147
1000070,1003690,-16041.725392276025
1000070,1003700,-23061.23385096504
1000070,1003710,-27957.837129422707
1000070,1003720,-4315.015950302211
1000070,1003730,-737.1718885451155
1000070,1003740,-795.3065128322814
1000070,1003750,-97.91616173004513
1000070,1003760,17.930260182267375
1000070,1003770,16.947202604100312
1000070,1003780,-0.23171891268793843
1000070,1003790,-0.17560239442900638
1000070,1003800,-0.4021135901239177
1000070,1003810,-0.6357425825081009
1000070,1003820,-0.4998450913517445
1000070,1003830,-0.4915051447424048
1000070,1003840,2.0167207551530737
1000070,1003850,1.3767798580411181
1000070,1003860,-1.5498374671333295
1000070,1003870,-2.4290767148959276
1000070,1003880,-0.0451081066239567
1000070,1003890,-30.373252489440347
1000070,1003900,-23.08012683657944
1000070,1003910,-12.103902428538277
1000070,1003920,2.630722286859964
1000070,1003930,-124.1471394494838
1000070,1003940,-379.8035091108068
1000070,1003950,-375.5935441433721
1000070,1003960,-111.62260156917546
1000070,1003970,4.607285341251554
1000070,1003980,-132.11236486260532
1000070,1003990,-155.57725650851717
1000070,1004000,-138.4930520518792
1000070,1004010,-10.906889736328594
1000070,1004020,22.976002234961925
1000070,1004030,18.876740851472277
1000070,1004040,17.507533108164353
1000070,1004050,16.389542878623615
1000070,1004060,8.048147320314456
1000080,1003490,1.4647060635070375
1000080,1003500,1.202926931418915
1000080,1003510,0.9512412641888659
1000080,1003520,7.964119271393429
1000080,1003530,15.969730925349722
1000080,1003540,20.726568673362635
1000080,1003550,27.960750423040736
1000080,1003560,29.157967567265587
1000080,1003570,-8429.944600768653
1000080,1003580,-9072.643902826796
1000080,1003590,-8782.5135169538
1000080,1003600,-13528.037548400662
1000080,1003610,-13829.606146387781
1000080,1003620,-10402.684626837603
1000080,1003630,-10856.173986996764
1000080,1003640,-10047.61861728277
1000080,1003650,-16037.35556736834
1000080,1003660,-29063.23389731342
1000080,1003670,-43401.66122029783
1000080,1003680,-40079.62025697419
1000080,1003690,-30452.72336059585
1000080,1003700,-25147.6250267564
1000080,1003710,-4518.465173435459
1000080,1003720,-721.7141818698838
1000080,1003730,-89.03569205526946
1000080,1003740,-109.52365168713368
1000080,1003750,-105.94634802722067
1000080,1003760,34.97014399537511
1000080,1003770,-0.2208624259183125
1000080,1003780,-0.16268887021942646
1000080,1003790,-0.24932851611447404
1000080,1003800,-0.41895871232190984
1000080,1003810,-0.49189838599340874
1000080,1003820,-0.47352531734577497
1000080,1003830,-0.27630435554965516
1000080,1003840,-0.21587464933327283
1000080,1003850,0.21018117180574336
1000080,1003860,-0.27644773397696554
1000080,1003870,0.7522889171341376
1000080,1003880,6.256952251937037
1000080,1003890,7.935496869748022
1000080,1003900,11.875590030151216
1000080,1003910,-1.4287675672203477
1000080,1003920,15.701463758949103
1000080,1003930,16.80696331811123
1000080,1003940,30.926470052141667
1000080,1003950,23.184131880017958
1000080,1003960,-1.3066589614718396
1000080,1003970,13.475832721556799
1000080,1003980,15.456731530070101
1000080,1003990,26.128054163931665
1000080,1004000,19.567046871150524
1000080,1004010,-1.18157152628919
1000080,1004020,-1.271322888063878
1000080,1004030,-1.1776762677000079
1000080,1004040,3.361689716042747
1000080,1004050,-0.5492575989665056
1000080,1004060,-1.137255641126103
1000090,1003490,1.9382673053223698
1000090,1003500,1.4875381025303795
1000090,1003510,-11.26583802928144
1000090,1003520,-16.123663303562353
1000090,1003530,-1.6189286791232007
1000090,1003540,12.776186750637862
1000090,1003550,27.597057871509605
1000090,1003560,-2790.937696506113
1000090,1003570,-12621.547823587618
1000090,1003580,-11465.092039623789
1000090,1003590,-11769.659179825267
1000090,1003600,-19014.07857817144
1000090,1003610,-21652.1753791482
1000090,1003620,-20155.41976374896
1000090,1003630,-15485.950360272047
1000090,1003640,-14674.410574911144
1000090,1003650,-24884.46745687017
1000090,1003660,-36312.605127112576
1000090,1003670,-47118.970074648765
1000090,1003680,-45877.77308919786
1000090,1003690,-37295.151428067475
1000090,1003700,-35425.68676423929
1000090,1003710,-7826.69515086844
1000090,1003720,-325.04671507104285
1000090,1003730,-80.9123175206878
1000090,1003740,-116.48264161882616
1000090,1003750,-114.12161811850456
1000090,1003760,-6.1270983154499845
1000090,1003770,11.443177468845533
1000090,1003780,-0.36711796834060806
1000090,1003790,-0.41819058078181115
1000090,1003800,-0.3581080676340207
1000090,1003810,-0.3093850830300653
1000090,1003820,-0.27183222204985213
1000090,1003830,0.10032036283882917
1000090,1003840,0.02121125325720641
1000090,1003850,-0.22122478820892866
1000090,1003860,-0.6690611547419394
1000090,1003870,-0.7176992994973261
1000090,1003880,-0.899516536421288
1000090,1003890,-1.346354803401482
1000090,1003900,-1.3751882368487713
1000090,1003910,-1.6728943192320003
1000090,1003920,-1.6913710843182344
1000090,1003930,-1.7921379171712033
1000090,1003940,-1.7932797091452812
1000090,1003950,-1.75472187968262
1000090,1003960,-1.4583102595170203
1000090,1003970,-1.5237931161500455
1000090,1003980,-1.534587815982377
1000090,1003990,-1.469964683859871
1000090,1004000,-1.3765317452962336
1000090,1004010,-1.4009429627512873
1000090,1004020,-1.3032255102480121
1000090,1004030,-1.2893932504484837
1000090,1004040,-1.282879186259379
1000090,1004050,-1.2666960126407503
1000090,1004060,-1.315820940919366
1000100,1003490,2.3071101012938016
1000100,1003500,1.774395763855864
1000100,1003510,-1.0699155972943117
1000100,1003520,-24.64925403077723
1000100,1003530,-12.832561982741026
1000100,1003540,-0.09751267968022148
1000100,1003550,17.194685176549683
1000100,1003560,242.2311038079024
1000100,1003570,-9126.323664995925
1000100,1003580,-9796.161195381548
1000100,1003590,-13969.140006665013
1000100,1003600,-18143.244343788243
1000100,1003610,-22103.694147463448
1000100,1003620,-14153.088273032594
1000100,1003630,-13477.184541097453
1000100,1003640,-18815.475284567565
1000100,1003650,-24170.03983728577
1000100,1003660,-34373.754670126174
1000100,1003670,-43064.2422296327
1000100,1003680,-47834.3842009427
1000100,1003690,-43068.75124913899
1000100,1003700,-38297.24553950374
1000100,1003710,-8477.539637974649
1000100,1003720,-334.55859173817225
1000100,1003730,-80.15577058530107
1000100,1003740,-133.5486879919299
1000100,1003750,-118.04937611306741
1000100,1003760,-11.637291730610741
1000100,1003770,8.668475574337208
1000100,1003780,-0.4664805338943552
1000100,1003790,-0.3899531146271329
1000100,1003800,-0.3234881178177602
1000100,1003810,-0.15450661354771
1000100,1003820,0.251007198010484
1000100,1003830,0.06318766549156862
1000100,1003840,-0.2675017574620142
1000100,1003850,-0.7323110222168907
1000100,1003860,-0.9391600214039499
1000100,1003870,-1.1996299058992008
1000100,1003880,-1.1947075911994034
1000100,1003890,-1.3416458077226707
1000100,1003900,-1.6862281425237597
1000100,1003910,-1.658913143673999
1000100,1003920,-1.8428318293845223
1000100,1003930,-1.7874653200378816
1000100,1003940,-1.796381244315853
1000100,1003950,-1.70037419099026
1000100,1003960,-1.5329382936870388
1000100,1003970,-1.5971072041684238
1000100,1003980,-1.5800193578506878
1000100,1003990,-1.4650661402738479
1000100,1004000,-1.4762931512996147
1000100,1004010,-1.4980387448849797
1000100,1004020,-1.4104790556921216
1000100,1004030,-1.4108303292850906
1000100,1004040,-1.4097895332997723
1000100,1004050,-1.3904687131398532
1000100,1004060,-1.3243338424763351
1000110,1003490,2.5574689478853543
1000110,1003500,2.079320041830215
1000110,1003510,1.4316728319354297
1000110,1003520,-13.88486302263118
1000110,1003530,-18.54864735096271
1000110,1003540,-60.94517698578784
1000110,1003550,-44.41200007219231
1000110,1003560,-96.45989451051355
1000110,1003570,-1181.2200463064328
1000110,1003580,-8121.785402995574
1000110,1003590,-8204.29075540134
1000110,1003600,-12664.74632929503
1000110,1003610,-14038.724796391161
1000110,1003620,-12152.914187101396
1000110,1003630,-11375.406610025508
1000110,1003640,-10313.927451847154
1000110,1003650,-15937.940664329795
1000110,1003660,-25569.09346641564
1000110,1003670,-37136.246664369464
1000110,1003680,-45932.53736836073
1000110,1003690,-44991.06035062688
1000110,1003700,-40212.23581169231
1000110,1003710,-2396.3211591242543
1000110,1003720,-384.7733266515752
1000110,1003730,-97.72806988349839
1000110,1003740,-123.48863864023951
1000110,1003750,-138.41573680653892
1000110,1003760,5.069702595606941
1000110,1003770,8.822822023550543
1000110,1003780,-0.34036757291687536
1000110,1003790,-0.3539972949110961
1000110,1003800,-0.11598424008479924
1000110,1003810,0.37228492234498844
1000110,1003820,0.2688518289978674
1000110,1003830,-0.4526255539203703
1000110,1003840,-0.7833284634507436
1000110,1003850,-1.2523630270334252
1000110,1003860,-1.306901509185991
1000110,1003870,-1.3119636622395774
1000110,1003880,-1.6503725961192686
1000110,1003890,-1.7434435222639877
1000110,1003900,-1.6829307103071187
1000110,1003910,-1.9036748610560608
1000110,1003920,-1.7780768354750762
1000110,1003930,-1.8546256843328592
1000110,1003940,-1.7040200111114245
1000110,1003950,-1.601257237347454
1000110,1003960,-1.4140802512374648
1000110,1003970,-1.532808954205393
1000110,1003980,-1.5098484040572657
1000110,1003990,-1.403960005427507
1000110,1004000,-1.4564222340777633
1000110,1004010,-1.4798350291748648
1000110,1004020,-1.4129693878894614
1000110,1004030,-1.445401588898676
1000110,1004040,-1.451979598892649
1000110,1004050,-1.4512797055176634
1000110,1004060,-1.3966264314840373
1000120,1003490,2.6562890288805647
1000120,1003500,2.1892283954839513
1000120,1003510,1.5819064169154444
1000120,1003520,-16.1304958794899
1000120,1003530,-23.7916529425529
1000120,1003540,-68.23951454182316
1000120,1003550,-198.4350218666914
1000120,1003560,-179.40259384179444
1000120,1003570,-396.7423846687634
1000120,1003580,869.7831320741207
1000120,1003590,2493.8596815667006
1000120,1003600,-5944.59044459854
1000120,1003610,-15320.480436676775
1000120,1003620,-10524.938419984846
1000120,1003630,-9242.41646871857
1000120,1003640,-8045.319528456908
1000120,1003650,-13689.33846776836
1000120,1003660,-30291.43637098352
1000120,1003670,-35527.43691995194
1000120,1003680,-44027.41955648943
1000120,1003690,-46914.62316462949
1000120,1003700,-11363.67633412866
1000120,1003710,-396.9043671678628
1000120,1003720,-388.8716213395928
1000120,1003730,-163.7903211646808
1000120,1003740,-164.15616089515606
1000120,1003750,-29.866844690081052
1000120,1003760,15.8975168007928
1000120,1003770,5.741099980314175
1000120,1003780,-0.16869945259895758
1000120,1003790,-0.002828110747941537
1000120,1003800,0.43262869718819275
1000120,1003810,0.21030771371806622
1000120,1003820,-0.6024569791152317
1000120,1003830,-1.007483431003493
1000120,1003840,-1.2321821832265414
1000120,1003850,-1.2214113789195835
1000120,1003860,-1.4316422488154785
1000120,1003870,-1.5563470097658865
1000120,1003880,-1.7115798846389225
1000120,1003890,-1.6416646128018328
1000120,1003900,-1.8215546753235685
1000120,1003910,-1.6998920466685377
1000120,1003920,-1.8268205832719104
1000120,1003930,-1.6369403530443378
1000120,1003940,-1.6050157655954536
1000120,1003950,-1.3978253912609944
1000120,1003960,-1.2238808565343788
1000120,1003970,-1.4152797010501672
1000120,1003980,-1.3924456410059065
1000120,1003990,-1.2172759350542037
1000120,1004000,-1.2980599316906591
1000120,1004010,-1.402736497362639
1000120,1004020,-1.375721556974895
1000120,1004030,-1.422010997968755
1000120,1004040,-1.463125933194533
1000120,1004050,-1.4881841403730505
1000120,1004060,-1.483865089230676
1000130,1003490,2.791226604287658
1000130,1003500,2.2835929391185346
1000130,1003510,1.631217047553946
1000130,1003520,-24.558471246909903
1000130,1003530,-29.120682733508147
1000130,1003540,-17.139940162724088
1000130,1003550,-6.443386170798476
1000130,1003560,-34.45890498902372
1000130,1003570,-241.28410940485992
1000130,1003580,-902.1657542484863
1000130,1003590,-881.1127573075828
1000130,1003600,-854.6889746844354
1000130,1003610,1017.6983200835712
1000130,1003620,2425.1165157112664
1000130,1003630,-17894.847449624558
1000130,1003640,-22969.7183456139
1000130,1003650,-27774.5935751155
1000130,1003660,-33056.29342877008
1000130,1003670,-40331.963162639426
1000130,1003680,-288.66416779865176
1000130,1003690,-807.0132482867884
1000130,1003700,-860.9544086304777
1000130,1003710,-431.59230170138835
1000130,1003720,-156.61884045632542
1000130,1003730,1.746705057037616
1000130,1003740,2.967343599844753
1000130,1003750,3.245674006979243
1000130,1003760,2.6677238235824916
1000130,1003770,-0.06967338765753084
1000130,1003780,0.10933986081727198
1000130,1003790,0.2652514860710653
1000130,1003800,-0.16381263947187108
1000130,1003810,-0.6695305974244548
1000130,1003820,-0.9383225692399719
1000130,1003830,-1.2547640103111917
1000130,1003840,-1.4508704440631846
1000130,1003850,-1.6250383870901715
1000130,1003860,-1.5957722675339028
1000130,1003870,-1.7445332712268282
1000130,1003880,-1.6639991892407124
1000130,1003890,-1.8387673898796493
1000130,1003900,-1.7216685803759901
1000130,1003910,-1.852320427333325
1000130,1003920,-1.6606001056679816
1000130,1003930,-1.6620007835263095
1000130,1003940,-1.3934794934211823
1000130,1003950,-1.255133365648362
1000130,1003960,-0.9710204144103045
1000130,1003970,-1.2681428550749843
1000130,1003980,-0.969881096843892
1000130,1003990,-1.054340863131074
1000130,1004000,-1.128466988029686
1000130,1004010,-1.1529215145819762
1000130,1004020,-1.1994103568322316
1000130,1004030,-1.268354187883233
1000130,1004040,-1.324753578457603
1000130,1004050,-1.4391602709110884
1000130,1004060,-1.4520600650903361
1000140,1003490,3.15084946551724
1000140,1003500,2.516982674034807
1000140,1003510,-23.469253591709275
1000140,1003520,-48.80488447752941
1000140,1003530,-34.55891138914376
1000140,1003540,-22.0144442014971
1000140,1003550,-10.716348956655565
1000140,1003560,-28.5316410168125
1000140,1003570,-218.12455100448642
1000140,1003580,-439.5421019188034
1000140,1003590,-428.91751694867344
1000140,1003600,-201.34568744730132
1000140,1003610,-329.4217930163686
1000140,1003620,1351.233655518914
1000140,1003630,-2551.9751023624376
1000140,1003640,-4182.662789532955
1000140,1003650,941.3769501675088
1000140,1003660,-292.1484963699004
1000140,1003670,-94.77533806262
1000140,1003680,-300.1194645836258
1000140,1003690,-363.3644746141181
1000140,1003700,-224.18640986619357
1000140,1003710,-39.02566970146654
1000140,1003720,12.488226267847494
1000140,1003730,-5.7544943064240215
1000140,1003740,-5.530783395861363
1000140,1003750,-4.417825058942981
1000140,1003760,-1.1580958036101947
1000140,1003770,-0.08180989562606555
1000140,1003780,0.034759011959977215
1000140,1003790,-0.29615449971242924
1000140,1003800,-0.7318605233776907
1000140,1003810,-0.9807673937575601
1000140,1003820,-1.304325817440258
1000140,1003830,-1.4590355977743457
1000140,1003840,-1.626870437317848
1000140,1003850,-1.7378642842923
1000140,1003860,-1.710842986129137
1000140,1003870,-1.8922799245010538
1000140,1003880,-1.8177960967477702
1000140,1003890,-1.8342408197531768
1000140,1003900,-1.6917715436647995
1000140,1003910,-1.6373651173671533
1000140,1003920,-1.6610135681949032
1000140,1003930,-1.408710121006152
1000140,1003940,-1.2984181175743288
1000140,1003950,-0.9966481758128793
1000140,1003960,-0.7604728919723129
1000140,1003970,-1.0439677128924814
1000140,1003980,-0.6764716524812684
1000140,1003990,-0.7725255139484943
1000140,1004000,-0.876729604035063
1000140,1004010,-0.9118232288710715
1000140,1004020,-1.0036832680598309
1000140,1004030,-1.0847389871451014
1000140,1004040,-1.1292560379042698
1000140,1004050,-1.1739015819221095
1000140,1004060,-1.2528683238233498
1000150,1003490,3.5322987416184333
1000150,1003500,2.8405433137559157
1000150,1003510,-1.4199863374778943
1000150,1003520,-55.49234281216559
1000150,1003530,-40.421916495990445
1000150,1003540,-27.20932708334658
1000150,1003550,-15.360013199471723
1000150,1003560,-6.2562109842656355
1000150,1003570,-182.43885806160324
1000150,1003580,-166.7744464966854
1000150,1003590,-154.83196059009424
1000150,1003600,-145.58470162138474
1000150,1003610,-153.90061215876995
1000150,1003620,-871.2958110537693
1000150,1003630,-877.5046261372008
1000150,1003640,-881.9708426357647
1000150,1003650,-883.9451117475437
1000150,1003660,-420.65786053200645
1000150,1003670,-147.92886676935814
1000150,1003680,-155.21089454587127
1000150,1003690,-172.63137937146166
1000150,1003700,-198.6119843266315
1000150,1003710,-46.371010421640676
1000150,1003720,-4.193695356068929
1000150,1003730,-3.1286215598775016
1000150,1003740,-1.9550785107458069
1000150,1003750,-0.6663322924396198
1000150,1003760,0.9621068058804667
1000150,1003770,-0.38276179605236393
1000150,1003780,-0.35231891653165803
1000150,1003790,-0.8361186486399674
1000150,1003800,-1.1130765036323282
1000150,1003810,-1.3525581403264368
1000150,1003820,-1.4608461132411321
1000150,1003830,-1.679158315204404
1000150,1003840,-1.731828259453323
1000150,1003850,-1.8366945316629426
1000150,1003860,-1.900736059713381
1000150,1003870,-1.7661553363686835
1000150,1003880,-1.785357331042178
1000150,1003890,-1.726982194060838
1000150,1003900,-1.667235715638526
1000150,1003910,-1.4764214661154256
1000150,1003920,-1.4124243948936055
1000150,1003930,-1.3093534542022098
1000150,1003940,-0.9991376373181993
1000150,1003950,-0.7943059021381487
1000150,1003960,-0.43149106860437314
1000150,1003970,-1.197113277954486
1000150,1003980,-0.33571865315389005
1000150,1003990,-0.37160259005395346
1000150,1004000,-0.46760569724210654
1000150,1004010,-0.5748744860065926
1000150,1004020,-0.6950343766329752
1000150,1004030,-0.7809488883394806
1000150,1004040,-0.8707834622800874
1000150,1004050,-0.935704648403771
1000150,1004060,-1.269318653533491
