X,Z,preditcedLethality
9465,16423,0.3388521762698328
9465,16433,0.3759390311159041
9465,16443,0.4092721843476014
9465,16453,0.43933574914779394
9465,16463,0.46580221830395035
9465,16473,0.48858569027245385
9465,16483,0.5073388886400508
9465,16493,0.5221604465322731
9465,16503,0.5328189358986659
9465,16513,0.5391888132341526
9465,16523,0.5411209973348314
9465,16533,0.5384103182660952
9465,16543,0.5313792239453488
9465,16553,0.520359901263047
9465,16563,0.5054171403631417
9465,16573,0.4867441475503448
9465,16583,0.47574994981746266
9465,16593,0.4676492886048589
9465,16603,0.4463870291512966
9465,16613,0.42568303074013886
9465,16623,0.4024025712059027
9465,16633,0.3778141520149128
9465,16643,0.3519258823338493
9465,16653,0.3285147716907432
9465,16663,0.3011612279849002
9465,16673,0.2670144842283378
9465,16683,0.24093481778740294
9465,16693,0.21143103838272004
9465,16703,0.1813239424574966
9465,16713,0.15197046733247632
9465,16723,0.12847835104564137
9465,16733,0.09163272306127934
9465,16743,0.07029119855235183
9465,16753,0.06425274770026057
9465,16763,0.05368565180624396
9465,16773,0.030505983340980536
9465,16783,0.31163403716984367
9465,16793,0.31090234106455833
9465,16803,0.3033879900752931
9465,16813,0.3250523529966689
9475,16423,0.3213348589888164
9475,16433,0.3598785864954168
9475,16443,0.3951395638976446
9475,16453,0.4264920040655337
9475,16463,0.45462868582533156
9475,16473,0.47894934962266034
9475,16483,0.49956030980360977
9475,16493,0.520753630968109
9475,16503,0.5324198175713053
9475,16513,0.5392564509709774
9475,16523,0.5410661325884948
9475,16533,0.5376680451293703
9475,16543,0.5294877697294386
9475,16553,0.5168713996445193
9475,16563,0.4998661035940882
9475,16573,0.47844269900413894
9475,16583,0.4653854378297266
9475,16593,0.4790250963585282
9475,16603,0.4610881093269346
9475,16613,0.44025432576604256
9475,16623,0.41795057129006796
9475,16633,0.39435595269667767
9475,16643,0.3719180194603401
9475,16653,0.34238575486503564
9475,16663,0.31797162606902785
9475,16673,0.29024965510274786
9475,16683,0.260636810548652
9475,16693,0.23215433333127455
9475,16703,0.20665926803329532
9475,16713,0.17849852672361005
9475,16723,0.14163168906948737
9475,16733,0.11937132986713828
9475,16743,0.09422340052148853
9475,16753,0.07965350157757511
9475,16763,0.0647734554360277
9475,16773,0.05398466060862844
9475,16783,0.29869465961733394
9475,16793,0.30110046530089607
9475,16803,0.31193921421191606
9475,16813,0.3407517303717209
9485,16423,0.3305517725588871
9485,16433,0.3696788757866256
9485,16443,0.4052165333365423
9485,16453,0.43702748409552383
9485,16463,0.4650281125752095
9485,16473,0.4883813243122192
9485,16483,0.5082096470364297
9485,16493,0.5235687661521113
9485,16503,0.5342556138013795
9485,16513,0.5400585708464491
9485,16523,0.5407618547460633
9485,16533,0.5363432948846734
9485,16543,0.5272430962793687
9485,16553,0.5137950776017384
9485,16563,0.49607185722307356
9485,16573,0.47410745987735303
9485,16583,0.4484840789341348
9485,16593,0.48317448084304665
9485,16603,0.4628733146943646
9485,16613,0.4399898435367046
9485,16623,0.4165529960148715
9485,16633,0.38985586900298186
9485,16643,0.35844848692575393
9485,16653,0.33017005536524163
9485,16663,0.2983653199979074
9485,16673,0.2650931349294049
9485,16683,0.26787924824182807
9485,16693,0.24097424593218425
9485,16703,0.20443989245397337
9485,16713,0.17708043662021328
9485,16723,0.14739335259950903
9485,16733,0.29967647883059106
9485,16743,0.2812164552007193
9485,16753,0.29092761770099185
9485,16763,0.2905974146362477
9485,16773,0.28084148159713385
9485,16783,0.3075663962430897
9485,16793,0.30512417183007057
9485,16803,0.31357932402142336
9485,16813,0.3395056126704609
9495,16423,0.34237113895633875
9495,16433,0.379869440807423
9495,16443,0.4140312060725588
9495,16453,0.44457461527065345
9495,16463,0.4712869929361089
9495,16473,0.4930629217955383
9495,16483,0.5118866196524662
9495,16493,0.5262025132527335
9495,16503,0.535875797340844
9495,16513,0.5406403244822356
9495,16523,0.540238742737627
9495,16533,0.5348169521651287
9495,16543,0.5247792094745941
9495,16553,0.5106308603438943
9495,16563,0.49216890820586223
9495,16573,0.4694206369262575
9495,16583,0.44320847729247237
9495,16593,0.49511930321783076
9495,16603,0.4767385777203036
9495,16613,0.456531012651019
9495,16623,0.4318364658398097
9495,16633,0.4071080843292236
9495,16643,0.3798887079076197
9495,16653,0.3501259923379393
9495,16663,0.3193496922192
9495,16673,0.28906977274443924
9495,16683,0.2897691613153601
9495,16693,0.255496308072982
9495,16703,0.22792912648186314
9495,16713,0.19889325631916616
9495,16723,0.1652578816453606
9495,16733,0.30291837428575547
9495,16743,0.2953415141399014
9495,16753,0.2900959823960005
9495,16763,0.29073761886212846
9495,16773,0.28959141227993396
9495,16783,0.31424910959225494
9495,16793,0.30072774618651243
9495,16803,0.32305401019184343
9495,16813,0.35589102444493803
9505,16423,0.35183629096670366
9505,16433,0.3882510958535882
9505,16443,0.4214430328865781
9505,16453,0.4509675047482598
9505,16463,0.47666009272960985
9505,16473,0.49792079242104875
9505,16483,0.5155256658207293
9505,16493,0.528727098932538
9505,16503,0.5373057501841003
9505,16513,0.5410045903873163
9505,16523,0.5394989855261314
9505,16533,0.5330894694720973
9505,16543,0.5222275865274582
9505,16553,0.50732797498307
9505,16563,0.48843639141890927
9505,16573,0.46514357365421816
9505,16583,0.43868775447647745
9505,16593,0.506263652297626
9505,16603,0.48988000165484985
9505,16613,0.4696472573936096
9505,16623,0.448579630864424
9505,16633,0.42441988684657483
9505,16643,0.3979198709991968
9505,16653,0.36966472463652034
9505,16663,0.34125656477014665
9505,16673,0.30646086770073455
9505,16683,0.30613432698525006
9505,16693,0.277520730655062
9505,16703,0.2566425778929536
9505,16713,0.22303666466023858
9505,16723,0.19684662327486924
9505,16733,0.3250334360251024
9505,16743,0.30598832825111233
9505,16753,0.3038532241597419
9505,16763,0.29797342987773956
9505,16773,0.2884923046676964
9505,16783,0.30585981564495984
9505,16793,0.3057334754028976
9505,16803,0.2915330787409981
9505,16813,0.33373116460964286
9515,16423,0.36095614593736874
9515,16433,0.3961338328204307
9515,16443,0.42832367602417076
9515,16453,0.4568247738146444
9515,16463,0.4816142645654923
9515,16473,0.5021216522445093
9515,16483,0.5187424952886047
9515,16493,0.5309286556444195
9515,16503,0.5384884834564689
9515,16513,0.5411487128457245
9515,16523,0.5385658518904082
9515,16533,0.531226852066473
9515,16543,0.5195452229129204
9515,16553,0.5040456524435235
9515,16563,0.4840323489760236
9515,16573,0.4605044262662219
9515,16583,0.4335404499866682
9515,16593,0.515090697978882
9515,16603,0.5008754909988948
9515,16613,0.48357440218172126
9515,16623,0.46356405647297816
9515,16633,0.44091111336071814
9515,16643,0.41711958611890787
9515,16653,0.3900489738296201
9515,16663,0.3588447784138933
9515,16673,0.3289789860580335
9515,16683,0.3253651104829553
9515,16693,0.29418269577488876
9515,16703,0.2706909835229075
9515,16713,0.24403494676360665
9515,16723,0.20906044177423871
9515,16733,0.3278745927467226
9515,16743,0.31699156509438914
9515,16753,0.3129994550970311
9515,16763,0.2987669931288484
9515,16773,0.2965285762182908
9515,16783,0.30883253389176957
9515,16793,0.2894285214747264
9515,16803,0.2964751304430498
9515,16813,0.3433256134509691
9525,16423,0.3695297841650514
9525,16433,0.403710707542576
9525,16443,0.4348755656643678
9525,16453,0.4624569825619924
9525,16463,0.48604413809704167
9525,16473,0.5059860273975865
9525,16483,0.5216420428539351
9525,16493,0.5328835062694677
9525,16503,0.539445008500091
9525,16513,0.5410212121339267
9525,16523,0.5374057316573286
9525,16533,0.529097079585238
9525,16543,0.5165581093799432
9525,16553,0.5002540452948497
9525,16563,0.47974315848598276
9525,16573,0.45662495591648866
9525,16583,0.43011866898472884
9525,16593,0.52325434074999
9525,16603,0.510887529314385
9525,16613,0.495556782307552
9525,16623,0.4773463922611746
9525,16633,0.45707292773350117
9525,16643,0.4322023799214315
9525,16653,0.4069611195107259
9525,16663,0.37911558070199985
9525,16673,0.3504360856064631
9525,16683,0.3415485842618424
9525,16693,0.3142641628174798
9525,16703,0.2909486848914758
9525,16713,0.2574556671482474
9525,16723,0.2308112432583898
9525,16733,0.3375813303041288
9525,16743,0.32159802040276086
9525,16753,0.31441072031394796
9525,16763,0.30709042883101734
9525,16773,0.29178906498453866
9525,16783,0.30333423512256497
9525,16793,0.293217942722271
9525,16803,0.2971459258185173
9525,16813,0.3212786637883257
9535,16423,0.37822564024778793
9535,16433,0.41117366707178965
9535,16443,0.44136645303300587
9535,16453,0.467892940684409
9535,16463,0.4907096002391075
9535,16473,0.5096702809499476
9535,16483,0.5244015883340329
9535,16493,0.5346570502993367
9535,16503,0.5401988348036271
9535,16513,0.5406718133248567
9535,16523,0.5360415937129637
9535,16533,0.5267408226201193
9535,16543,0.5132938941079
9535,16553,0.4960526197768132
9535,16563,0.4749041213819019
9535,16573,0.4513202288866881
9535,16583,0.4241836017274303
9535,16593,0.5296748682747663
9535,16603,0.5192948117116937
9535,16613,0.5063060104379032
9535,16623,0.49009350595866313
9535,16633,0.47036674281867347
9535,16643,0.4491599965384797
9535,16653,0.42501807523596014
9535,16663,0.3976064197837438
9535,16673,0.36858093150630644
9535,16683,0.38967879892029034
9535,16693,0.36262532295173233
9535,16703,0.3453176449996709
9535,16713,0.32286781901856676
9535,16723,0.3027950329502649
9535,16733,0.4157538483059904
9535,16743,0.4132166136083255
9535,16753,0.41508142240712337
9535,16763,0.40766907760958354
9535,16773,0.41582677890492326
9535,16783,0.49315905735679094
9535,16793,0.4882891892233674
9535,16803,0.4990335711798716
9535,16813,0.5443513448088368
9545,16423,0.3862988220586249
9545,16433,0.4182816644012196
9545,16443,0.4474196079260835
9545,16453,0.47309064627514996
9545,16463,0.49510209907388625
9545,16473,0.5131344914966254
9545,16483,0.5269229716553695
9545,16493,0.5362089356218572
9545,16503,0.5407340334711703
9545,16513,0.5401040736396872
9545,16523,0.5344520904653614
9545,16533,0.5241701555049697
9545,16543,0.5097586032406181
9545,16553,0.4916168574961264
9545,16563,0.4697931383124315
9545,16573,0.4454067877475852
9545,16583,0.41833096770748873
9545,16593,0.534746551159032
9545,16603,0.5266344486356285
9545,16613,0.5151077639879377
9545,16623,0.5009658992628229
9545,16633,0.48402888292527674
9545,16643,0.4635044356107267
9545,16653,0.4409564635757899
9545,16663,0.4162146843552783
9545,16673,0.3889108056932349
9545,16683,0.40157598036893466
9545,16693,0.37960807838677235
9545,16703,0.3607718467776313
9545,16713,0.33573375149077544
9545,16723,0.31334502717393664
9545,16733,0.42092566553531585
9545,16743,0.41067335116597437
9545,16753,0.41306310920476896
9545,16763,0.41374899390650394
9545,16773,0.4198568563643537
9545,16783,0.48108657448091013
9545,16793,0.4828952400439582
9545,16803,0.48586993195721817
9545,16813,0.5004413372527983
9555,16423,0.3940028521564204
9555,16433,0.4250628352908419
9555,16443,0.45333056191215637
9555,16453,0.47808461974327876
9555,16463,0.49928671810510644
9555,16473,0.5163813293050757
9555,16483,0.529244276027151
9555,16493,0.5375565318915727
9555,16503,0.541052553002583
9555,16513,0.5393202883117358
9555,16523,0.5326724941921845
9555,16533,0.5214284799709507
9555,16543,0.5061252088586143
9555,16553,0.4869801984850509
9555,16563,0.4643758763790188
9555,16573,0.43924181310295995
9555,16583,0.4112981500846486
9555,16593,0.5383932235390987
9555,16603,0.5322586140712342
9555,16613,0.5230530650930563
9555,16623,0.5106900277012723
9555,16633,0.49537794315665273
9555,16643,0.47721774531422456
9555,16653,0.456973033641649
9555,16663,0.43206864232394265
9555,16673,0.40656774922713707
9555,16683,0.41841079098826006
9555,16693,0.39697402558349054
9555,16703,0.37691183672922335
9555,16713,0.3548791271196949
9555,16723,0.33325091247337124
9555,16733,0.42537524991483877
9555,16743,0.42273593521335456
9555,16753,0.4156799951505912
9555,16763,0.408889784347933
9555,16773,0.4048496541901422
9555,16783,0.46970052610198954
9555,16793,0.4588995858832285
9555,16803,0.4554063527767137
9555,16813,0.47418815241277257
9565,16423,0.40131586111898165
9565,16433,0.4315635661309342
9565,16443,0.4589305126704042
9565,16453,0.4829659977273939
9565,16463,0.5032090401588981
9565,16473,0.5194255622420698
9565,16483,0.531361643258174
9565,16493,0.5386898591867406
9565,16503,0.5411418995542445
9565,16513,0.538323170178315
9565,16523,0.5306739670698015
9565,16533,0.5184738531407749
9565,16543,0.5021658346337087
9565,16553,0.4820359512909663
9565,16563,0.4587139739453624
9565,16573,0.43269101129331644
9565,16583,0.40430035224591465
9565,16593,0.5405314684281989
9565,16603,0.5366724948393182
9565,16613,0.5294476788494604
9565,16623,0.5191111432309975
9565,16633,0.5060573947151541
9565,16643,0.4900881169265142
9565,16653,0.47067552809878854
9565,16663,0.44911397892746524
9565,16673,0.4250649620102137
9565,16683,0.43203649463257576
9565,16693,0.4109979248301866
9565,16703,0.39353827359503357
9565,16713,0.3680673773203034
9565,16723,0.3482959963413207
9565,16733,0.4357876616509309
9565,16743,0.42808840828563677
9565,16753,0.41397335113319345
9565,16763,0.4066904036685004
9565,16773,0.40072138030628257
9565,16783,0.45110850056666074
9565,16793,0.4538553603248867
9565,16803,0.4493809272118181
9565,16813,0.4464750717097203
9575,16423,0.4082337294207199
9575,16433,0.43766554928983137
9575,16443,0.46430550668799864
9575,16453,0.48754095070734965
9575,16463,0.5069550751209936
9575,16473,0.5222766032004676
9575,16483,0.533274584525874
9575,16493,0.5396131558576003
9575,16503,0.5409669840470324
9575,16513,0.5371129982567483
9575,16523,0.5284810185269417
9575,16533,0.5153583693723353
9575,16543,0.49819661390213765
9575,16553,0.4772462060882574
9575,16563,0.4531873143030651
9575,16573,0.4262812043721096
9575,16583,0.39730645629759387
9575,16593,0.3664308804169224
9575,16603,0.5395942413780888
9575,16613,0.5345739264664864
9575,16623,0.5263111076650786
9575,16633,0.5147885105694262
9575,16643,0.5005571143908666
9575,16653,0.4838297218811067
9575,16663,0.4642505519422047
9575,16673,0.4412674105630724
9575,16683,0.44688075757731033
9575,16693,0.42724127715017346
9575,16703,0.40858304915391513
9575,16713,0.3881656615205143
9575,16723,0.36829770075605023
9575,16733,0.43891663971323513
9575,16743,0.42724648469222787
9575,16753,0.4169544033804076
9575,16763,0.4025256773518827
9575,16773,0.39868793133450464
9575,16783,0.46027683866236446
9575,16793,0.45799783079272993
9575,16803,0.4401084250392466
9575,16813,0.4646654766858135
9585,16423,0.41468269079859377
9585,16433,0.4435054388836953
9585,16443,0.469363331369385
9585,16453,0.49190134742196734
9585,16463,0.5104576375789021
9585,16473,0.5249183838096267
9585,16483,0.534986313604211
9585,16493,0.540322716694862
9585,16503,0.5405721513889282
9585,16513,0.5356952067701435
9585,16523,0.5261020377741547
9585,16533,0.512073275353351
9585,16543,0.49397456752995844
9585,16553,0.47226880632121
9585,16563,0.4473781035212479
9585,16573,0.41965467485966934
9585,16583,0.38981887790899006
9585,16593,0.35818315078183854
9585,16603,0.5410236587932563
9585,16613,0.5382845242371919
9585,16623,0.5320692510373923
9585,16633,0.522797971892603
9585,16643,0.5105531124876175
9585,16653,0.49528282054620076
9585,16663,0.47748010383349004
9585,16673,0.4574557224346636
9585,16683,0.4668321550605149
9585,16693,0.4510745862412763
9585,16703,0.4373192326236273
9585,16713,0.42149244045217693
9585,16723,0.39829139211476017
9585,16733,0.456047887694924
9585,16743,0.44594686538083383
9585,16753,0.4308649778584672
9585,16763,0.4285292638978405
9585,16773,0.43116000269119203
9585,16783,0.4889089083268115
9585,16793,0.4973952171047191
9585,16803,0.5016172387660732
9585,16813,0.5241186385019992
9595,16423,0.4211521435329873
9595,16433,0.4490255512206229
9595,16443,0.47421815442427817
9595,16453,0.49610989759946683
9595,16463,0.5138412755493639
9595,16473,0.5273936676261425
9595,16483,0.5364968917229412
9595,16493,0.540816367061033
9595,16503,0.5399595315935909
9595,16513,0.5340673225107144
9595,16523,0.5235123613524933
9595,16533,0.5085457561421121
9595,16543,0.48957114705739746
9595,16553,0.46711873358676204
9595,16563,0.44142959501872114
9595,16573,0.4129108724808227
9595,16583,0.3823304774025812
9595,16593,0.34987416913813874
9595,16603,0.5407661773731508
9595,16613,0.5404806607499364
9595,16623,0.5365327029158806
9595,16633,0.5292228189810836
9595,16643,0.5188190180821082
9595,16653,0.5057978454955445
9595,16663,0.48980017140587423
9595,16673,0.47103424688324025
9595,16683,0.47831390036010707
9595,16693,0.46371444248500676
9595,16703,0.4490020744083894
9595,16713,0.4314774790803764
9595,16723,0.41224385403426156
9595,16733,0.4626240796247418
9595,16743,0.4539541881170597
9595,16753,0.44881294467147637
9595,16763,0.4467198192521362
9595,16773,0.44191563442295095
9595,16783,0.513621730672719
9595,16793,0.5276744450077944
9595,16803,0.5295098126957879
9595,16813,0.575114375212457
9605,16423,0.4270737955673871
9605,16433,0.4544828781637208
9605,16443,0.47887561552719743
9605,16453,0.5000327322024701
9605,16463,0.5169502124602853
9605,16473,0.5296263491695209
9605,16483,0.537790446521896
9605,16493,0.5410905850760624
9605,16503,0.5391308437172885
9605,16513,0.5322354565000545
9605,16523,0.5207153910065982
9605,16533,0.5048304707684043
9605,16543,0.4849862062459956
9605,16553,0.4617563685492406
9605,16563,0.4352406334728949
9605,16573,0.40594594001378137
9605,16583,0.37452280743916444
9605,16593,0.34130422924783865
9605,16603,0.5388541073835796
9605,16613,0.5411278022444942
9605,16623,0.5395182409705293
9605,16633,0.5344249471337127
9605,16643,0.5261457148439642
9605,16653,0.5146253483322214
9605,16663,0.5006214188705365
9605,16673,0.4840113627930534
9605,16683,0.4891830869123909
9605,16693,0.4742437409829112
9605,16703,0.4594301458894769
9605,16713,0.4425332206039388
9605,16723,0.4232549933602069
9605,16733,0.47195232005039034
9605,16743,0.4687676012674567
9605,16753,0.4625178254649729
9605,16763,0.46523231045056485
9605,16773,0.4726943031744419
9605,16783,0.5398187294725301
9605,16793,0.5719916296013353
9605,16803,0.6239173967876708
9605,16813,0.7023602351264686
9615,16423,0.4333181987951741
9615,16433,0.4597988582212018
9615,16443,0.4841291488470754
9615,16453,0.5039337379983566
9615,16463,0.5199730696695682
9615,16473,0.5317238996861515
9615,16483,0.5388889101366743
9615,16493,0.5411238469781484
9615,16503,0.5380881265621743
9615,16513,0.5301897610080998
9615,16523,0.5177270433765693
9615,16533,0.5008774977584759
9615,16543,0.480596280028711
9615,16553,0.45628499191726035
9615,16563,0.4290470419644491
9615,16573,0.39891006248398175
9615,16583,0.36682715685726086
9615,16593,0.3336267994827502
9615,16603,0.5353233007880621
9615,16613,0.5400447379244575
9615,16623,0.5410003278371271
9615,16633,0.5381776800818445
9615,16643,0.5319075140893678
9615,16653,0.5225743683569359
9615,16663,0.5102376248573459
9615,16673,0.4949774554224022
9615,16683,0.4968633473097102
9615,16693,0.4840926283089321
9615,16703,0.4678881691095156
9615,16713,0.45097730839448064
9615,16723,0.43551865785619504
9615,16733,0.48050654739353066
9615,16743,0.4725913481430895
9615,16753,0.4840310802572698
9615,16763,0.49086964543881434
9615,16773,0.5128710089596797
9615,16783,0.6036028476893707
9615,16793,0.7028267086988182
9615,16803,0.995871673877222
9615,16813,1.134463703895427
9625,16423,0.4390927603261076
9625,16433,0.4650635379711376
9625,16443,0.48848813522936824
9625,16453,0.507550880462609
9625,16463,0.522749290986946
9625,16473,0.5335893396506011
9625,16483,0.5397693003591151
9625,16493,0.5409032299274185
9625,16503,0.5368354466997995
9625,16513,0.5279542097211349
9625,16523,0.5145155656438254
9625,16533,0.49674145386326285
9625,16543,0.47554057840745123
9625,16553,0.45038434425512386
9625,16563,0.42210645539277836
9625,16573,0.3911689576820059
9625,16583,0.3579366647322929
9625,16593,0.32488449299182054
9625,16603,0.5302582109415984
9625,16613,0.5373776896047479
9625,16623,0.5408047494851747
9625,16633,0.5404306825149319
9625,16643,0.5364106013733498
9625,16653,0.5291597754467158
9625,16663,0.5185444752453154
9625,16673,0.5053338442941825
9625,16683,0.5051931392842264
9625,16693,0.4918929545123649
9625,16703,0.478133002797861
9625,16713,0.46219730579762974
9625,16723,0.4458947168895997
9625,16733,0.4856185555719104
9625,16743,0.4898234306995915
9625,16753,0.5013710781769382
9625,16763,0.5308204012087714
9625,16773,0.6094128293744315
9625,16783,0.9084277333924435
9625,16793,0.9634029446606636
9625,16803,1.0246827599524
9625,16813,1.0896344669505287
9635,16423,0.44483515473001867
9635,16433,0.4701525993201215
9635,16443,0.49296658813865246
9635,16453,0.5111364829187884
9635,16463,0.525424256859462
9635,16473,0.5352787014259082
9635,16483,0.540439574523371
9635,16493,0.5404626628749035
9635,16503,0.53537050151967
9635,16513,0.5254819715441781
9635,16523,0.5111118948135838
9635,16533,0.49234790312782706
9635,16543,0.47051953772238336
9635,16553,0.44431690141688746
9635,16563,0.41527454205845726
9635,16573,0.3831524584085391
9635,16583,0.34904494287870835
9635,16593,0.31470492704125846
9635,16603,0.5237138817686379
9635,16613,0.5330832308761502
9635,16623,0.5389487997407516
9635,16633,0.5411364066101445
9635,16643,0.539431739313088
9635,16653,0.5342574014229077
9635,16663,0.5258352417611288
9635,16673,0.5143274310576289
9635,16683,0.5082822046255219
9635,16693,0.4945701872364808
9635,16703,0.4791239210507856
9635,16713,0.4594778559182345
9635,16723,0.44354412119108116
9635,16733,0.48421262210918353
9635,16743,0.48349811923817065
9635,16753,0.5084259818354653
9635,16763,0.5577220846068353
9635,16773,0.7639232795404727
9635,16783,0.8776460735179283
9635,16793,0.9308694582498004
9635,16803,0.9889832477826551
9635,16813,1.0516678099322347
9645,16423,0.4503378990446252
9645,16433,0.47503968036027705
9645,16443,0.4969645788602376
9645,16453,0.5143785824935417
9645,16463,0.5278008243232106
9645,16473,0.5367488192968
9645,16483,0.5408893534494129
9645,16493,0.5398047988317798
9645,16503,0.5336900261113979
9645,16513,0.5228300365723947
9645,16523,0.5074562151789334
9645,16533,0.4877970398832013
9645,16543,0.4649481439325098
9645,16553,0.43783979712944565
9645,16563,0.40768833019252504
9645,16573,0.3746358394792674
9645,16583,0.33930404807305625
9645,16593,0.3048829398974922
9645,16603,0.5154991067187444
9645,16613,0.5272905004109452
9645,16623,0.5355330746845988
9645,16633,0.5401067425204898
9645,16643,0.5409748283098716
9645,16653,0.5380709732119355
9645,16663,0.53170580925545
9645,16673,0.5225012050497881
9645,16683,0.5160725469885896
9645,16693,0.5025709144580407
9645,16703,0.4883215433185332
9645,16713,0.4714721497412839
9645,16723,0.456539510609082
9645,16733,0.4915084679421941
9645,16743,0.5000134541264778
9645,16753,0.5376553540405807
9645,16763,0.7079567848419525
9645,16773,0.7408545420172279
9645,16783,0.845719579779132
9645,16793,0.8958485922114529
9645,16803,0.9508853591665052
9645,16813,1.0100484971083699
9655,16423,0.4554866511057393
9655,16433,0.47984286542779087
9655,16443,0.5010119866848085
9655,16453,0.5176088887907158
9655,16463,0.5300820879429862
9655,16473,0.5380170925406671
9655,16483,0.541119689330271
9655,16493,0.5389256363173165
9655,16503,0.5317856008160129
9655,16513,0.5199512964919829
9655,16523,0.5036420242488966
9655,16533,0.4830115222231014
9655,16543,0.45965253645449344
9655,16553,0.43158603960874803
9655,16563,0.4007808829723004
9655,16573,0.366716366197277
9655,16583,0.3305527153621645
9655,16593,0.29502558876887097
9655,16603,0.5061492659254273
9655,16613,0.519875412315433
9655,16623,0.5304751904005853
9655,16633,0.5374906164661921
9655,16643,0.5408393133886857
9655,16653,0.5403725225528978
9655,16663,0.5362846020715417
9655,16673,0.5290203700691072
9655,16683,0.5224036061015129
9655,16693,0.5112063834592997
9655,16703,0.49773698353466905
9655,16713,0.4821533328201129
9655,16723,0.47003236961608874
9655,16733,0.49700223325769577
9655,16743,0.5041195378465213
9655,16753,0.5373110914272076
9655,16763,0.688329070375666
9655,16773,0.718527298575548
9655,16783,0.8151098850752401
9655,16793,0.8620197242566247
9655,16803,0.913690204615865
9655,16813,0.9682725008589248
9665,16423,0.46099497585597216
9665,16433,0.4852514970301656
9665,16443,0.5048808218223124
9665,16453,0.5206137335682994
9665,16463,0.5321311935175987
9665,16473,0.5390780612749849
9665,16483,0.5410962477511887
9665,16493,0.5378348422887544
9665,16503,0.5296751057220277
9665,16513,0.5168089989387747
9665,16523,0.49949267090360133
9665,16533,0.47865609047523766
9665,16543,0.45338965921677865
9665,16553,0.42444816251411943
9665,16563,0.39280466553224885
9665,16573,0.3577994823330644
9665,16583,0.3238330401426843
9665,16593,0.285097389032719
9665,16603,0.49501984439898267
9665,16613,0.5112103519034927
9665,16623,0.5240086576730604
9665,16633,0.5331958826564528
9665,16643,0.5390340265224463
9665,16653,0.541143036613985
9665,16663,0.539343143375051
9665,16673,0.534112887151819
9665,16683,0.5284166770878441
9665,16693,0.5183215542152027
9665,16703,0.5068382601776077
9665,16713,0.4938582804871131
9665,16723,0.48150065717236806
9665,16733,0.5030952549410155
9665,16743,0.5078618064122112
9665,16753,0.5350586888787777
9665,16763,0.6703327043662685
9665,16773,0.6984581919653922
9665,16783,0.786546141451492
9665,16793,0.8296456023863477
9665,16803,0.8782092004954195
9665,16813,0.9311395390758617
9675,16423,0.46576707370157255
9675,16433,0.48955338185123537
9675,16443,0.508443964303056
9675,16453,0.5234031082406781
9675,16463,0.5339798599824538
9675,16473,0.53992391928826
9675,16483,0.5408298237812491
9675,16493,0.5365304663581184
9675,16503,0.5273749003866454
9675,16513,0.5135130943150789
9675,16523,0.49527197955040525
9675,16533,0.4736092255889047
9675,16543,0.4475592964482196
9675,16553,0.41771399970433715
9675,16563,0.38493590484200346
9675,16573,0.34887507875029494
9675,16583,0.31387877728655555
9675,16593,0.2742641348108871
9675,16603,0.48323943477248404
9675,16613,0.5006693488642223
9675,16623,0.5158040102443594
9675,16633,0.5275359612226728
9675,16643,0.5356680388972439
9675,16653,0.5401647542704592
9675,16663,0.5409475138000888
9675,16673,0.5379711238861655
9675,16683,0.5331527126782777
9675,16693,0.5250782850649413
9675,16703,0.5150084668827497
9675,16713,0.5030386312380513
9675,16723,0.4910548516256019
9675,16733,0.5062268051413854
9675,16743,0.5066608135607575
9675,16753,0.5156398086577941
9675,16763,0.5430956692741782
9675,16773,0.637782686539178
9675,16783,0.7590457682680822
9675,16793,0.8003248980450075
9675,16803,0.8460143789677794
9675,16813,0.8934625271427082
9685,16423,0.4707410261025366
9685,16433,0.49374510988662446
9685,16443,0.5119430529611475
9685,16453,0.5260020853599884
9685,16463,0.5356289147557045
9685,16473,0.54055046346564
9685,16483,0.5403436920823063
9685,16493,0.535012925999805
9685,16503,0.5248470375870763
9685,16513,0.510024460953606
9685,16523,0.49081457394471684
9685,16533,0.46824856604851844
9685,16543,0.44120386298227804
9685,16553,0.4104736484637723
9685,16563,0.3767174768254863
9685,16573,0.33992063970733644
9685,16583,0.3045358710295838
9685,16593,0.264264756346649
9685,16603,0.46897450830347465
9685,16613,0.4893761867947678
9685,16623,0.5066146627650202
9685,16633,0.5200030252869412
9685,16643,0.5306278674803783
9685,16653,0.5375981418714839
9685,16663,0.5408730855749553
9685,16673,0.5403175349174374
9685,16683,0.5364381048426393
9685,16693,0.5292938962690923
9685,16703,0.5193974076026241
9685,16713,0.5071223982039982
9685,16723,0.49330142328125876
9685,16733,0.49650739261633176
9685,16743,0.48814039109878443
9685,16753,0.4852495721068623
9685,16763,0.4833932080905333
9685,16773,0.49153472270571574
9685,16783,0.6125008637602933
9685,16793,0.7420957528000733
9685,16803,0.7780321208114842
9685,16813,0.8192523306955066
9695,16423,0.4750883023103718
9695,16433,0.49747143265216326
9695,16443,0.5149927901846677
9695,16453,0.5283127308961709
9695,16463,0.5370336833034316
9695,16473,0.540955819189385
9695,16483,0.5396406065800645
9695,16493,0.5332944805063964
9695,16503,0.5221649440692936
9695,16513,0.5064209887826793
9695,16523,0.48633700226069226
9695,16533,0.4628285705753877
9695,16543,0.43502201979739313
9695,16553,0.4034808208934733
9695,16563,0.36906194947877125
9695,16573,0.331212173823758
9695,16583,0.2949896017281894
9695,16593,0.25374128616779834
9695,16603,0.4548382923056215
9695,16613,0.47678261972745073
9695,16623,0.49517358935830086
9695,16633,0.5114804864933733
9695,16643,0.5242964247926732
9695,16653,0.5333895038939135
9695,16663,0.5391313094891389
9695,16673,0.5411477065275934
9695,16683,0.5394055153635309
9695,16693,0.5343538063653728
9695,16703,0.5263662302659462
9695,16713,0.5156299568492574
9695,16723,0.5031011481373927
9695,16733,0.5024840955908789
9695,16743,0.49277340904933
9695,16753,0.48313944941994114
9695,16763,0.4749163151411326
9695,16773,0.46688267295861496
9695,16783,0.5240563243252957
9695,16793,0.5424717630133516
9695,16803,0.6008456592589383
9695,16813,0.7898725201809491
9705,16423,0.4798850314406917
9705,16433,0.5014073115275869
9705,16443,0.5181776299917699
9705,16453,0.5305416574907728
9705,16463,0.538270634877095
9705,16473,0.5411395398011731
9705,16483,0.5387146502398166
9705,16493,0.5313402067521279
9705,16503,0.519204968925153
9705,16513,0.5026134130497186
9705,16523,0.48157889301363255
9705,16533,0.4572917675209918
9705,16543,0.4286019187636289
9705,16553,0.3963041647134443
9705,16563,0.36095665366156626
9705,16573,0.3225277177345861
9705,16583,0.28531499649949155
9705,16593,0.24345098308834573
9705,16603,0.2007211185228127
9705,16613,0.4618428692682817
9705,16623,0.48332981360551414
9705,16633,0.500994976693095
9705,16643,0.5161276538555273
9705,16653,0.5277781082177518
9705,16663,0.5358270211675481
9705,16673,0.540241921165199
9705,16683,0.5409374532826152
9705,16693,0.5380523452765577
9705,16703,0.5320207778493382
9705,16713,0.5230942785457484
9705,16723,0.5114711525093658
9705,16733,0.5088383442489457
9705,16743,0.49740554662966546
9705,16753,0.48523477610352383
9705,16763,0.47224643228885976
9705,16773,0.45832597606265424
9705,16783,0.4949635795975984
9705,16793,0.49511756102809446
9705,16803,0.5238789987064449
9705,16813,0.6124692218998715
9715,16423,0.4844577981576489
9715,16433,0.5050629828857474
9715,16443,0.5210226941897195
9715,16453,0.532529414871931
9715,16463,0.5392773217984337
9715,16473,0.5410590657303702
9715,16483,0.5375796413657887
9715,16493,0.5292287473795703
9715,16503,0.5161574036662293
9715,16513,0.49861148675821165
9715,16523,0.47711659064091677
9715,16533,0.4512906195899733
9715,16543,0.421759405145561
9715,16553,0.3884802913548426
9715,16563,0.35298877236982507
9715,16573,0.3161537188121579
9715,16583,0.27576915201765656
9715,16593,0.23324852068036156
9715,16603,0.18982081261671813
9715,16613,0.44692682473877565
9715,16623,0.4690040127856298
9715,16633,0.4897538299264815
9715,16643,0.5069786270918234
9715,16653,0.5207238748658539
9715,16663,0.5310290839105138
9715,16673,0.5377644328164135
9715,16683,0.5409288485901264
9715,16693,0.5403278740450961
9715,16703,0.5363568018061232
9715,16713,0.5292520103969218
9715,16723,0.519261566108978
9715,16733,0.5153361659282226
9715,16743,0.504531752527363
9715,16753,0.49160025132685314
9715,16763,0.47815908960145703
9715,16773,0.463064980184381
9715,16783,0.4909789735957371
9715,16793,0.48493093018915845
9715,16803,0.49790845214132384
9715,16813,0.5042126220034466
9725,16423,0.48897528218410213
9725,16433,0.5087079399395082
9725,16443,0.5238269858350095
9725,16453,0.5343438851661458
9725,16463,0.5400782387611197
9725,16473,0.5407467285607308
9725,16483,0.5362444052475236
9725,16493,0.5269273283028548
9725,16503,0.5129803161353065
9725,16513,0.49461066151256217
9725,16523,0.47232191522759903
9725,16533,0.4457853534336355
9725,16543,0.41552774474124304
9725,16553,0.3816138667728155
9725,16563,0.34467602855329904
9725,16573,0.3061587229903677
9725,16583,0.2647073317777509
9725,16593,0.22115797238608198
9725,16603,0.17684677171383645
9725,16613,0.4289244886294263
9725,16623,0.454682273841836
9725,16633,0.4773235750396852
9725,16643,0.4964371939710254
9725,16653,0.5123217951613678
9725,16663,0.5247380551290355
9725,16673,0.5337522255679344
9725,16683,0.5393816734294671
9725,16693,0.5411491088099026
9725,16703,0.5393275179276494
9725,16713,0.534224501827414
9725,16723,0.5260135428086202
9725,16733,0.5213143905155747
9725,16743,0.5109549535024358
9725,16753,0.4988881610522608
9725,16763,0.4850262001021356
9725,16773,0.4695253255865321
9725,16783,0.4902511048562135
9725,16793,0.4818509838935685
9725,16803,0.47761772330960567
9725,16813,0.4744907859963304
9735,16423,0.4929925014313211
9735,16433,0.5120292787800044
9735,16443,0.5263050006161204
9735,16453,0.5359207389412005
9735,16463,0.5406532423031534
9735,16473,0.540214921545352
9735,16483,0.5346869840968009
9735,16493,0.5244262205590378
9735,16503,0.5095955495752027
9735,16513,0.4904675635859451
9735,16523,0.46718645622828614
9735,16533,0.43997589162901707
9735,16543,0.4090094735192258
9735,16553,0.3745201902881031
9735,16563,0.33695045979959803
9735,16573,0.2976850987002386
9735,16583,0.2559999862690674
9735,16593,0.21125489132097697
9735,16603,0.16703423376080234
9735,16613,0.41143429961722344
9735,16623,0.4388987161808968
9735,16633,0.46346427524751616
9735,16643,0.4846072561380662
9735,16653,0.5024681071592966
9735,16663,0.5170340406492396
9735,16673,0.528247694093075
9735,16683,0.5360633299273729
9735,16693,0.5403057858737554
9735,16703,0.5408902382834275
9735,16713,0.5377297968952639
9735,16723,0.5310673309665644
9735,16733,0.5258756548324056
9735,16743,0.5160065989836761
9735,16753,0.5038253292466126
9735,16763,0.4897809755103766
9735,16773,0.47390048378706784
9735,16783,0.48755126633644386
9735,16793,0.47528168771044027
9735,16803,0.4675594758181509
9735,16813,0.4595351515040803
9745,16423,-0.2215781740963635
9745,16433,0.5154777199999215
9745,16443,0.5287753391303188
9745,16453,0.5373397684570103
9745,16463,0.5410136030678575
9745,16473,0.5394663967252161
9745,16483,0.5329450689549362
9745,16493,0.5217523393540582
9745,16503,0.506100878019366
9745,16513,0.486204100957147
9745,16523,0.46241101864613177
9745,16533,0.43458756235653806
9745,16543,0.4031820221259531
9745,16553,0.3682109267448448
9745,16563,0.3302264159676297
9745,16573,0.2895470529743293
9745,16583,0.24686355259072285
9745,16593,0.20193184369568035
9745,16603,-0.1673121359319224
9745,16613,-0.1627543300625729
9745,16623,-0.15219297490476424
9745,16633,-0.140213474129664
9745,16643,-0.13183733727900038
9745,16653,0.4913503961411797
9745,16663,0.5079354053273415
9745,16673,0.5212436716671933
9745,16683,0.5313466147598123
9745,16693,0.5378984904532105
9745,16703,0.5409407247457183
9745,16713,0.5402072394986273
9745,16723,0.5358319197139166
9745,16733,0.531092857787016
9745,16743,0.5226192431669522
9745,16753,0.5119702221823983
9745,16763,0.4991289702145977
9745,16773,0.4836234458804013
9745,16783,0.49345445006186495
9745,16793,0.48226779682254656
9745,16803,0.4734529519960283
9745,16813,0.46248282741037383
9755,16423,-0.1763492262244054
9755,16433,-0.182067033595657
9755,16443,0.530904830484434
9755,16453,0.5385055841968246
9755,16463,0.5411496491804318
9755,16473,0.5385172187217302
9755,16483,0.5310379723443805
9755,16493,0.5190290314732731
9755,16503,0.5026198955169423
9755,16513,0.4818855058521074
9755,16523,0.4569410767632992
9755,16533,0.4287184345940627
9755,16543,0.39665231965799463
9755,16553,0.36149112145971596
9755,16563,0.32287745726330885
9755,16573,0.2821885566273627
9755,16583,-0.10405921475700641
9755,16593,-0.10773398552407587
9755,16603,-0.10388190076713677
9755,16613,-0.10046502946374114
9755,16623,-0.09107103368213298
9755,16633,-0.08220232234992919
9755,16643,-0.07456641609370407
9755,16653,-0.06656505375494126
9755,16663,-0.060846294334125695
9755,16673,-0.05158861110286583
9755,16683,-0.04129294740180356
9755,16693,-0.03589715293918161
9755,16703,0.53932949274667
9755,16713,0.5411447038417189
9755,16723,0.5391053688957159
9755,16733,0.5353150993437475
9755,16743,0.5285380936636283
9755,16753,0.5199234010509568
9755,16763,0.5084377596173962
9755,16773,0.4951747598237606
9755,16783,0.5022583508602374
9755,16793,0.49205049199016815
9755,16803,0.47861003469987573
9755,16813,0.46730541532117126
9765,16423,-0.12464851936120358
9765,16433,-0.13126910587460683
9765,16443,-0.13816925294744953
9765,16453,0.5394726098389004
9765,16463,0.5410124035454354
9765,16473,0.5373456683174108
9765,16483,0.5289145094267386
9765,16493,0.5160313178876254
9765,16503,0.49889006361628907
9765,16513,0.4776081898645883
9765,16523,0.452565874771399
9765,16533,0.42403931876113277
9765,16543,0.39194787618712057
9765,16553,0.35661498580395
9765,16563,-0.0370401741395574
9765,16573,-0.042079620350187974
9765,16583,-0.043675519530336104
9765,16593,-0.04642138244526961
9765,16603,-0.043868399127648394
9765,16613,-0.041234261524957794
9765,16623,-0.03373441695690349
9765,16633,-0.02577436098097452
9765,16643,-0.019435736138299853
9765,16653,-0.012804881033173787
9765,16663,-0.006061062003307804
9765,16673,0.0021732799907127065
9765,16683,0.01170912646183453
9765,16693,0.016865387005268184
9765,16703,0.023762393145733696
9765,16713,0.031180202943358437
9765,16723,0.036873853573834325
9765,16733,0.18966481652829548
9765,16743,0.5332507739655692
9765,16753,0.5259584943074433
9765,16763,0.516256572468904
9765,16773,0.5043448834390187
9765,16783,0.5087274799058205
9765,16793,0.4994358095610306
9765,16803,0.4867748811805412
9765,16813,0.47549849793173604
9775,16423,-0.07228646295290508
9775,16433,-0.08075938650396997
9775,16443,-0.08874363030282062
9775,16453,-0.09306379052436708
9775,16463,0.5406543717428218
9775,16473,0.5359781966040017
9775,16483,0.5266035902929714
9775,16493,0.5128887567775235
9775,16503,0.4949750748373409
9775,16513,0.4727465934115965
9775,16523,0.4469991137120698
9775,16533,0.41810179615518184
9775,16543,0.3854094246729881
9775,16553,0.02166366174954204
9775,16563,0.017563041764684817
9775,16573,0.014165552265349435
9775,16583,0.013131912952690894
9775,16593,0.011077688910357764
9775,16603,0.013463757404171384
9775,16613,0.01610417064578118
9775,16623,0.022880135603949636
9775,16633,0.029279759142189166
9775,16643,0.03528973279616998
9775,16653,0.04081126152194248
9775,16663,0.04696882718269901
9775,16673,0.054893253238816664
9775,16683,0.06370620435981739
9775,16693,0.06825674884356564
9775,16703,0.07471678633128809
9775,16713,0.08215704373599142
9775,16723,0.0875361896052601
9775,16733,0.2245156206018465
9775,16743,0.2279359931753439
9775,16753,0.24095636070187504
9775,16763,0.2437971922498245
9775,16773,0.24726666545993758
9775,16783,0.3885437388755202
9775,16793,0.5061281829786213
9775,16803,0.49462588805849
9775,16813,0.4838950978117651
9785,16423,-0.02155393267489525
9785,16433,-0.030054481241302167
9785,16443,-0.037603714794154475
9785,16453,-0.0431841893923538
9785,16463,-0.049501158712457416
9785,16473,-0.052848323192294155
9785,16483,0.5241023236251235
9785,16493,0.5095281767550597
9785,16503,0.49094540229923506
9785,16513,0.46818413292372874
9785,16523,0.4420857779287551
9785,16533,0.07523358244370054
9785,16543,0.07622949066241541
9785,16553,0.07753906675506583
9785,16563,0.07498125481786755
9785,16573,0.07231556394809996
9785,16583,0.07697958312734132
9785,16593,0.07618013931038115
9785,16603,0.07586222387367048
9785,16613,0.07781700194237107
9785,16623,0.08066841189627943
9785,16633,0.08690370658375174
9785,16643,0.09194694815890186
9785,16653,0.09649309656193855
9785,16663,0.10323641871129557
9785,16673,0.10939133220786484
9785,16683,0.11454132845909903
9785,16693,0.11779503470404368
9785,16703,0.12468957275194281
9785,16713,0.13080806595660827
9785,16723,0.13689133706342538
9785,16733,0.20921938408919588
9785,16743,0.2091669915147949
9785,16753,0.22159674893986875
9785,16763,0.2247798413734377
9785,16773,0.2286879550594882
9785,16783,0.2814434015229224
9785,16793,0.28417314633329216
9785,16803,0.2804765821244456
9785,16813,0.2824280442059731
9795,16423,0.033671804754190404
9795,16433,0.02273951378009975
9795,16443,0.015005417417795819
9795,16453,0.008524606913371535
9795,16463,0.001517124753955712
9795,16473,-0.0021367620542155352
9795,16483,-0.010950919708024087
9795,16493,0.5059820214396696
9795,16503,0.4865681992560754
9795,16513,0.4630920580625579
9795,16523,0.1134530851375829
9795,16533,0.12226452715860475
9795,16543,0.12622668889974709
9795,16553,0.12832957276169754
9795,16563,0.1295957267578935
9795,16573,0.12790223394863265
9795,16583,0.12643709412776144
9795,16593,0.12687119480829662
9795,16603,0.12676252465116195
9795,16613,0.12967205655522607
9795,16623,0.13218037638085045
9795,16633,0.1383705516022649
9795,16643,0.14314865131256715
9795,16653,0.1494301692188485
9795,16663,0.15545396585823024
9795,16673,0.15867862398450466
9795,16683,0.1635339358253679
9795,16693,0.16767646573367107
9795,16703,0.17403955699239237
9795,16713,0.17896850770610534
9795,16723,0.1844045008792412
9795,16733,0.24700027115227147
9795,16743,0.24728867375057761
9795,16753,0.2579566519044412
9795,16763,0.26090051501525446
9795,16773,0.26471557296402526
9795,16783,0.31092816027881093
9795,16793,0.31368382701456665
9795,16803,0.310953295011832
9795,16813,0.3140487216035115
9805,16423,0.08324866028778743
9805,16433,0.07357421369089678
9805,16443,0.06643495104465202
9805,16453,0.05926365624894331
9805,16463,0.05231162649721588
9805,16473,0.047873958978638
9805,16483,0.04024304233193865
9805,16493,0.036309167210323956
9805,16503,0.14660742501453966
9805,16513,0.15391883689747704
9805,16523,0.15996437915847206
9805,16533,0.1682257284921737
9805,16543,0.17228245958406746
9805,16553,0.17488303674554984
9805,16563,0.1763640017924063
9805,16573,0.17571989361217089
9805,16583,0.17547512392398773
9805,16593,0.17597661413819787
9805,16603,0.17657929257741134
9805,16613,0.17948188596110204
9805,16623,0.18254712490667085
9805,16633,0.18808104963006617
9805,16643,0.1939372388702117
9805,16653,0.1994478785123674
9805,16663,0.20313497742701475
9805,16673,0.20607365957730817
9805,16683,0.2116494460855996
9805,16693,0.2152835295935785
9805,16703,0.22070095965748937
9805,16713,0.22512833303991725
9805,16723,0.23015428748858657
9805,16733,0.28382618220998446
9805,16743,0.28400211804847236
9805,16753,0.28735121683175335
9805,16763,0.28994836086522924
9805,16773,0.2936263799023541
9805,16783,0.33311807466015597
9805,16793,0.3359828199378505
9805,16803,0.3430085746072832
9805,16813,0.3460663180511336
9815,16423,0.13826414229357537
9815,16433,0.12665212180217444
9815,16443,0.11963837643219483
9815,16453,0.110294592369244
9815,16463,0.10551310710717526
9815,16473,0.09940375794741335
9815,16483,0.09238986232172763
9815,16493,0.08584381413214598
9815,16503,0.19219332150329327
9815,16513,0.1989019578946447
9815,16523,0.20453792031963952
9815,16533,0.212136936817599
9815,16543,0.21580456887694544
9815,16553,0.2185485414554299
9815,16563,0.22047408669926855
9815,16573,0.22015038015150362
9815,16583,0.2202208286327219
9815,16593,0.22195573097272037
9815,16603,0.22225997865466113
9815,16613,0.22631301742665633
9815,16623,0.2291499189862709
9815,16633,0.23495965776874056
9815,16643,0.24038296437904266
9815,16653,0.24548992900151972
9815,16663,0.24888692199142404
9815,16673,0.2519417145908892
9815,16683,0.256718279967494
9815,16693,0.261044813063443
9815,16703,0.26567710010932527
9815,16713,0.2701235267467715
9815,16723,0.2745604439493722
9815,16733,0.3189765533233697
9815,16743,0.31965755768219783
9815,16753,0.3224912496126769
9815,16763,0.32513613104574063
9815,16773,0.3281772195512638
9815,16783,0.36155900854896794
9815,16793,0.36435420030790633
9815,16803,0.3705098927215078
9815,16813,0.37316374272661895
9825,16423,0.1888718995082137
9825,16433,0.1777996515644945
9825,16443,0.16946878195113785
9825,16453,0.1606441893379772
9825,16463,0.15466412202320057
9825,16473,0.14634114783228963
9825,16483,0.14152806942474017
9825,16493,0.13625944278813235
9825,16503,0.23654668678434443
9825,16513,0.24260998992081195
9825,16523,0.24777143182651923
9825,16533,0.25453469367440973
9825,16543,0.2582503903540062
9825,16553,0.2607348103374328
9825,16563,0.26291595349090313
9825,16573,0.2630616497597963
9825,16583,0.2640885573272401
9825,16593,0.2656175492218572
9825,16603,0.2672935738896181
9825,16613,0.2709050124168923
9825,16623,0.2744999187426371
9825,16633,0.27953387122472445
9825,16643,0.2844197053976474
9825,16653,0.2889849170113793
9825,16663,0.2922048077135575
9825,16673,0.2951349228268728
9825,16683,0.299984546588669
9825,16693,0.3039697058104575
9825,16703,0.30826070794787086
9825,16713,0.31217963491583356
9825,16723,0.315530287108267
9825,16733,0.35244932134654183
9825,16743,0.3533426578020273
9825,16753,0.3561612197157994
9825,16763,0.3585109552203227
9825,16773,0.3615616308596703
9825,16783,0.3891475153340407
9825,16793,0.3914708229875849
9825,16803,0.39706913146471606
9825,16813,0.3995491019271564
9835,16423,0.2393965387877035
9835,16433,0.22814425183332465
9835,16443,0.22012845742220255
9835,16453,0.2105348497805341
9835,16463,0.2046317142955535
9835,16473,0.19565516708962044
9835,16483,0.19022215872418002
9835,16493,0.1846551365160004
9835,16503,0.27979894610768585
9835,16513,0.28489225124052775
9835,16523,0.2896795603672618
9835,16533,0.2953077809251454
9835,16543,0.29874847052727505
9835,16553,0.3012051446091138
9835,16563,0.3034087325217672
9835,16573,0.3042628097636546
9835,16583,0.30374166010064674
9835,16593,0.3060020333809052
9835,16603,0.3078293811579569
9835,16613,0.3117451123233075
9835,16623,0.3148199911575281
9835,16633,0.32164336714005537
9835,16643,0.3259797534921266
9835,16653,0.3296153928941597
9835,16663,0.3327169173157237
9835,16673,0.33542410599048544
9835,16683,0.33837149856873927
9835,16693,0.3422066336905737
9835,16703,0.34618363538184005
9835,16713,0.34952397751707465
9835,16723,0.3525718412676202
9835,16733,0.3824254071869362
9835,16743,0.38332987746028013
9835,16753,0.3859429264491877
9835,16763,0.3882459159025291
9835,16773,0.3909790802202415
9835,16783,0.41383964036491594
9835,16793,0.4161471236830443
9835,16803,0.42058909608105916
9835,16813,0.42307674799032224
9845,16423,0.2858588660676014
9845,16433,0.2755270191565822
9845,16443,0.26686589632635077
9845,16453,0.2577994940007054
9845,16463,0.25116681754823666
9845,16473,0.24261620021468439
9845,16483,0.23670974740430978
9845,16493,0.23079581334398158
9845,16503,0.3204066289653199
9845,16513,0.32498540583090024
9845,16523,0.3291674557909176
9845,16533,0.3341389808426997
9845,16543,0.3372556053626637
9845,16553,0.33966938562334015
9845,16563,0.3420012773539476
9845,16573,0.34315464895790193
9845,16583,0.34354814298389874
9845,16593,0.3457674457283534
9845,16603,0.3479856841224028
9845,16613,0.35140671483804714
9845,16623,0.35504271335140913
9845,16633,0.3608720885282905
9845,16643,0.36429838928618985
9845,16653,0.3676350412569478
9845,16663,0.3705023872947767
9845,16673,0.3730404252768549
9845,16683,0.37600946661384105
9845,16693,0.37938340446503993
9845,16703,0.3827540257831512
9845,16713,0.38577776441202033
9845,16723,0.38839950347377616
9845,16733,0.41241362417341
9845,16743,0.41349324878239196
9845,16753,0.4157571981685848
9845,16763,0.41790222974109553
9845,16773,0.42028114301368735
9845,16783,0.438718160400019
9845,16793,0.44066226554142507
9845,16803,0.4445381793011604
9845,16813,0.4464861603423472
9855,16423,0.3297427119510544
9855,16433,0.3200950096496781
9855,16443,0.3120424713569043
9855,16453,0.30282335561145246
9855,16463,0.29629705434933007
9855,16473,0.28758898942890676
9855,16483,0.28188499117485977
9855,16493,0.27549867626184565
9855,16503,0.3591478319901067
9855,16513,0.36295372619365895
9855,16523,0.36658653924635876
9855,16533,0.3708314614047896
9855,16543,0.3737126828375638
9855,16553,0.3758423326321284
9855,16563,0.3781600307042755
9855,16573,0.37970756727810284
9855,16583,0.38020495903021123
9855,16593,0.3828961334366489
9855,16603,0.3851292861975234
9855,16613,0.3882827446577497
9855,16623,0.3915333984326491
9855,16633,0.39674631624904166
9855,16643,0.39998255937228494
9855,16653,0.40243211691027425
9855,16663,0.40499431432625
9855,16673,0.4074019783537255
9855,16683,0.41000921608770224
9855,16693,0.4132965375848045
9855,16703,0.41629468373909273
9855,16713,0.41881858415733064
9855,16723,0.4212053872716155
9855,16733,0.43997154387114235
9855,16743,0.4410676923833193
9855,16753,0.44313426508317
9855,16763,0.44506757458982504
9855,16773,0.44722451331675417
9855,16783,0.46138958638751254
9855,16793,0.4632176378672765
9855,16803,0.46502082576566633
9855,16813,0.46688256343798745
9865,16423,0.36938103869630234
9865,16433,0.3611611432313927
9865,16443,0.3529518172762778
9865,16453,0.34540672612640677
9865,16463,0.3383579757295886
9865,16473,0.32988735372925704
9865,16483,0.323772632119411
9865,16493,0.3174848837780798
9865,16503,0.39453144441306376
9865,16513,0.3979612163406855
9865,16523,0.40101228978239783
9865,16533,0.40477263778450867
9865,16543,0.40739865835409117
9865,16553,0.4094047053192437
9865,16563,0.4119011018527861
9865,16573,0.4134728724282561
9865,16583,0.4144988990039879
9865,16593,0.41685016431156025
9865,16603,0.4188418337550516
9865,16613,0.4218389078142935
9865,16623,0.42488237621175956
9865,16633,0.4292903996898263
9865,16643,0.4316697591412045
9865,16653,0.4339071523888432
9865,16663,0.436212502174029
9865,16673,0.4384343569914118
9865,16683,0.4409556468701198
9865,16693,0.4437334418522626
9865,16703,0.4462762731690016
9865,16713,0.4485129668184569
9865,16723,0.4506408272882393
9865,16733,0.4648322059467792
9865,16743,0.465958585437428
9865,16753,0.4677709119936224
9865,16763,0.4694298988796635
9865,16773,0.4712806452959967
9865,16783,0.48186851714489254
9865,16793,0.48346734547794395
9865,16803,0.48507529117041154
9865,16813,0.48662308181648606
9875,16423,0.4055595874522431
9875,16433,0.39834490324560656
9875,16443,0.39095057621134877
9875,16453,0.3838721819477687
9875,16463,0.37648616075803654
9875,16473,0.3697382127622034
9875,16483,0.36394599094754776
9875,16493,0.3577180435645595
9875,16503,0.4270803501907584
9875,16513,0.4298497201551364
9875,16523,0.43261530466246084
9875,16533,0.43567994381260866
9875,16543,0.43807337408272495
9875,16553,0.4400967422680741
9875,16563,0.4422797695514621
9875,16573,0.4440759799699751
9875,16583,0.44531493733701005
9875,16593,0.44750353040933655
9875,16603,0.4494195521799339
9875,16613,0.45192457559018295
9875,16623,0.45448985201881986
9875,16633,0.45784642703140743
9875,16643,0.4599393206409827
9875,16653,0.4619167532026395
9875,16663,0.4639238338417637
9875,16673,0.465898152098417
9875,16683,0.46804289188643305
9875,16693,0.4704128231181393
9875,16703,0.47248752644144465
9875,16713,0.4744976707791351
9875,16723,0.47636097214805256
9875,16733,0.4866773523885025
9875,16743,0.4877401461958675
9875,16753,0.48928050708244863
9875,16763,0.4907567560347031
9875,16773,0.49231900275379326
9875,16783,0.49983032826896157
9875,16793,0.5011482806964087
9875,16803,0.5024805565001181
9875,16813,0.503803422571625
9885,16423,0.4379996541954098
9885,16433,0.43162134777095884
9885,16443,0.4249087187440686
9885,16453,0.41850758654362563
9885,16463,0.4116725874344205
9885,16473,0.40551036768411775
9885,16483,0.3996371434550269
9885,16493,0.39387301717893075
9885,16503,0.45600804275227497
9885,16513,0.45836914908954707
9885,16523,0.4606632121995724
9885,16533,0.4632805794950241
9885,16543,0.46545603743541264
9885,16553,0.4672348946560809
9885,16563,0.4693429105552513
9885,16573,0.4710120174535757
9885,16583,0.4773417602241107
9885,16593,0.4790689054302885
9885,16603,0.4806379285398462
9885,16613,0.48252034350324846
9885,16623,0.48439501006774927
9885,16633,0.48649550934277386
9885,16643,0.48815905807131243
9885,16653,0.4897335999165153
9885,16663,0.4913567487273293
9885,16673,0.4928873414475924
9885,16683,0.4945635750100288
9885,16693,0.4963533620409636
9885,16703,0.49799023498102574
9885,16713,0.49954514394672833
9885,16723,0.500981529461819
9885,16733,0.4997100007915522
9885,16743,0.5009092852390096
9885,16753,0.502389585099057
9885,16763,0.5038004033152162
9885,16773,0.5052558561650581
9885,16783,0.5098612722787416
9885,16793,0.5111468772845749
9885,16803,0.5124017551907996
9885,16813,0.513635592420422
9895,16423,0.4660379737129179
9895,16433,0.4607068966491593
9895,16443,0.4549164235616353
9895,16453,0.44928383363441887
9895,16463,0.4432679799322492
9895,16473,0.43753709211484215
9895,16483,0.4322604037335668
9895,16493,0.42667772659145436
9895,16503,0.48132681916705683
9895,16513,0.4831869423224946
9895,16523,0.48509297125560596
9895,16533,0.4871939013501061
9895,16543,0.48898248529842603
9895,16553,0.49057003789567966
9895,16563,0.492306895628651
9895,16573,0.49382419099585184
9895,16583,0.4983480438702699
9895,16593,0.4998947773085012
9895,16603,0.5012429213135232
9895,16613,0.5028283087352616
9895,16623,0.5043276806949909
9895,16633,0.5058739429468239
9895,16643,0.5072346292689639
9895,16653,0.5085324677018294
9895,16663,0.509847520554396
9895,16673,0.5110952665509093
9895,16683,0.5124316870716947
9895,16693,0.5137833356156762
9895,16703,0.5150626246936425
9895,16713,0.5162680588682736
9895,16723,0.5174074235526784
9895,16733,0.516987230383181
9895,16743,0.5179898356697199
9895,16753,0.5191343847449114
9895,16763,0.5202275300119824
9895,16773,0.5213394031679053
9895,16783,0.5241131740345952
9895,16793,0.5250634672533588
9895,16803,0.5259938466413245
9895,16813,0.526901747396578
9905,16423,0.4900527245137927
9905,16433,0.4855608630118903
9905,16443,0.48070595161537544
9905,16453,0.4759222028238298
9905,16463,0.47067549860035723
9905,16473,0.46570594760462036
9905,16483,0.4608212984190718
9905,16493,0.45581505328109523
9905,16503,0.5024423185581653
9905,16513,0.5039597535200949
9905,16523,0.5054671951019597
9905,16533,0.5070852866465377
9905,16543,0.5085394134372871
9905,16553,0.5098373226093164
9905,16563,0.5112655610835724
9905,16573,0.5124907712322412
9905,16583,0.5155379240811484
9905,16593,0.5167442582516345
9905,16603,0.5180581715744026
9905,16613,0.5192406418098854
9905,16623,0.5203366478038333
9905,16633,0.5214702935681506
9905,16643,0.5224976932335131
9905,16653,0.5233128137371924
9905,16663,0.5242997796457622
9905,16673,0.5252381200365805
9905,16683,0.526179881940997
9905,16693,0.527179897349069
9905,16703,0.5280580525132752
9905,16713,0.5289452266437337
9905,16723,0.5297631927658429
9905,16733,0.5298329779440916
9905,16743,0.5305711485995047
9905,16753,0.5313495512556702
9905,16763,0.5321112644823759
9905,16773,0.5328287565463047
9905,16783,0.5342194108399356
9905,16793,0.5348328656882599
9905,16803,0.5354151179689587
9905,16813,0.5359747343584169
9915,16423,0.5095171296631664
9915,16433,0.5059629596153542
9915,16443,0.5022458527104816
9915,16453,0.49832525686558105
9915,16463,0.49396638584915503
9915,16473,0.48978376299360354
9915,16483,0.4856107629485116
9915,16493,0.4812132489023384
9915,16503,0.5193350480826945
9915,16513,0.5204449858996785
9915,16523,0.5215766044504456
9915,16533,0.5227289380328999
9915,16543,0.5237982794145803
9915,16553,0.5248433083682299
9915,16563,0.5258652077396293
9915,16573,0.5268521933542588
9915,16583,0.5286212672120937
9915,16593,0.5294618835391333
9915,16603,0.5303492906609488
9915,16613,0.5311093830480785
9915,16623,0.5318457398061424
9915,16633,0.5325537838162525
9915,16643,0.5332410140958408
9915,16653,0.5338323189575637
9915,16663,0.5344646554887502
9915,16673,0.5350805549474565
9915,16683,0.5356544320813469
9915,16693,0.5362175171205968
9915,16703,0.5367446631343178
9915,16713,0.5372494234943473
9915,16723,0.5377124205383477
9915,16733,0.5379456312441773
9915,16743,0.5383792700487832
9915,16753,0.5387657520650412
9915,16763,0.5391387326331074
9915,16773,0.5394810072524209
9915,16783,0.5399171852368442
9915,16793,0.5401725855554236
9915,16803,0.5403975787392918
9915,16813,0.5405937871174092
9925,16423,0.524542138995153
9925,16433,0.5219304023067036
9925,16443,0.519136032904817
9925,16453,0.5160318708590437
9925,16463,0.5128835830832821
9925,16473,0.5095629912927944
9925,16483,0.5061732734460977
9925,16493,0.5025735253112767
9925,16503,0.5315130841130561
9925,16513,0.532283453981513
9925,16523,0.5330122313142671
9925,16533,0.5337578672395018
9925,16543,0.5344289018102021
9925,16553,0.5350693175240129
9925,16563,0.5356866967447609
9925,16573,0.5362726712052572
9925,16583,0.537089975682101
9925,16593,0.5375661271415233
9925,16603,0.5380414151315658
9925,16613,0.5384516222348146
9925,16623,0.5388323798814065
9925,16633,0.5391869397889211
9925,16643,0.5395133402921111
9925,16653,0.5397981318914689
9925,16663,0.5400683860589458
9925,16673,0.5403095615725875
9925,16683,0.5405166088936723
9925,16693,0.5406989235174866
9925,16703,0.540849638281279
9925,16713,0.5409705388527656
9925,16723,0.5410603668453057
9925,16733,0.5411167700867715
9925,16743,0.5411478607505832
9925,16753,0.5411294175000082
9925,16763,0.541075244884434
9925,16773,0.5409884108717028
9925,16783,0.5408965334655986
9925,16793,0.540758617733972
9925,16803,0.5405912319239586
9925,16813,0.5403944769129381
9935,16423,0.5348438741410757
9935,16433,0.533192305542667
9935,16443,0.5313418199393828
9935,16453,0.5292555015272287
9935,16463,0.5270294378632927
9935,16473,0.5246282507738355
9935,16483,0.5220819049610096
9935,16493,0.5193316028621416
9935,16503,0.5388926379397136
9935,16513,0.5392573848533133
9935,16523,0.5395907347164107
9935,16533,0.5398926453620074
9935,16543,0.5401629958544838
9935,16553,0.5404004472627428
9935,16563,0.5406068238272121
9935,16573,0.5407787226228309
9935,16583,0.5409508525777629
9935,16593,0.5410437944654275
9935,16603,0.5411084735283841
9935,16613,0.54114357031773
9935,16623,0.5411419229609012
9935,16633,0.5411003772278807
9935,16643,0.5410294197226249
9935,16653,0.5409260517848538
9935,16663,0.540793258409532
9935,16673,0.5406300530909052
9935,16683,0.5404882796067852
9935,16693,0.5402802582010662
9935,16703,0.5400444662896684
9935,16713,0.5397806477780736
9935,16723,0.5394890937909117
9935,16733,0.5388771465045238
9935,16743,0.5384801097019946
9935,16753,0.538032042368283
9935,16763,0.5375716317903808
9935,16773,0.5370830301752888
9935,16783,0.5371365859254951
9935,16793,0.5366597680941042
9935,16803,0.5361495180877719
9935,16813,0.5356159322369716
9945,16423,0.5402925876272329
9945,16433,0.5396136212841812
9945,16443,0.5387423906035955
9945,16453,0.5376582074237544
9945,16463,0.5363940459615286
9945,16473,0.5349385652684867
9945,16483,0.5333042434653293
9945,16493,0.5314839135137365
9945,16503,0.5411127245315278
9945,16513,0.5410460219290957
9945,16523,0.5409466031321835
9945,16533,0.5408146487095089
9945,16543,0.5406501909108175
9945,16553,0.5404533902602711
9945,16563,0.540224366146124
9945,16573,0.5399632419956841
9945,16583,0.5398622365946799
9945,16593,0.5395785223590166
9945,16603,0.5392854914567012
9945,16613,0.5389497830243183
9945,16623,0.5385868681076975
9945,16633,0.5379798010324606
9945,16643,0.537532458413291
9945,16653,0.5370184503650646
9945,16663,0.5365034440583495
9945,16673,0.53596434763929
9945,16683,0.5357840598515919
9945,16693,0.535229879083571
9945,16703,0.5346320897429334
9945,16713,0.5340242233617757
9945,16723,0.5333776730175214
9945,16733,0.5314804576974056
9945,16743,0.5307016824033203
9945,16753,0.5298176089184472
9945,16763,0.5289848945150787
9945,16773,0.5281031800173819
9945,16783,0.5289782888373349
9945,16793,0.5281865480576089
9945,16803,0.5273495031022906
9945,16813,2.475120167351275
