X,Z,preditcedLethality
9465,16423,-41.66153988030375
9465,16433,-39.748560677114725
9465,16443,-37.78537756208199
9465,16453,-10.667962404382264
9465,16463,-8.861239456956822
9465,16473,-6.532368021267315
9465,16483,-4.789913247040671
9465,16493,-2.982343614122795
9465,16503,0.608255821986392
9465,16513,0.38853419094128805
9465,16523,-1.5320287508871053
9465,16533,-3.0043336714802655
9465,16543,-1.1991394603896999
9465,16553,0.6774753037538965
9465,16563,0.47317799396886295
9465,16573,0.08590498833699423
9465,16583,45.457364474736536
9465,16593,50.552037114416166
9465,16603,22.214395668234364
9465,16613,92.48323334438508
9465,16623,136.32940446049224
9465,16633,180.41169729019066
9465,16643,238.52100323623063
9465,16653,424.6956811927889
9465,16663,506.03133699847285
9465,16673,439.10077666170446
9465,16683,607.6753047601019
9465,16693,695.7559596231372
9465,16703,772.8107726527892
9465,16713,879.8003046935705
9465,16723,1110.1917346735067
9465,16733,1049.4642722318463
9465,16743,1309.7512947596774
9465,16753,538934.6031624798
9465,16763,585706.469740738
9465,16773,637426.5706067951
9465,16783,433060.94366504863
9465,16793,479125.4431356218
9465,16803,531762.6028458058
9465,16813,578670.461212075
9475,16423,-45.327010580956554
9475,16433,-44.51665001325411
9475,16443,-40.947292942793425
9475,16453,-13.052583053773118
9475,16463,-11.316515629885101
9475,16473,-9.997485351551871
9475,16483,-7.565152275295544
9475,16493,-2.6726659380724533
9475,16503,0.4881082958240648
9475,16513,-0.11198433952041631
9475,16523,-0.12005203185937097
9475,16533,-2.1657629181641034
9475,16543,-2.0898559659904214
9475,16553,1.6874274492079047
9475,16563,1.5387843963330732
9475,16573,0.14623667153544995
9475,16583,27.53004155595453
9475,16593,14.276909370172222
9475,16603,49.80055491465508
9475,16613,70.70292487018058
9475,16623,107.79759334291928
9475,16633,150.52050865487445
9475,16643,285.5652956715426
9475,16653,270.6078365759681
9475,16663,416.4696982214741
9475,16673,498.23572945215756
9475,16683,563.8603536068917
9475,16693,666.6370581527522
9475,16703,842.6536008218468
9475,16713,967.8059908692308
9475,16723,909.8428311925895
9475,16733,1152.5943273117232
9475,16743,1337.9262369818102
9475,16753,507493.7377111685
9475,16763,553734.9793966835
9475,16773,601347.6494390477
9475,16783,406793.6181663961
9475,16793,450566.7102062136
9475,16803,497770.39134016534
9475,16813,541661.613761392
9485,16423,-28.24512335341525
9485,16433,-25.84905083315199
9485,16443,-23.657436468499792
9485,16453,-5.701732168708544
9485,16463,-4.4745933465960785
9485,16473,-5.70603281897594
9485,16483,-4.012418646037544
9485,16493,-2.435731534008949
9485,16503,0.41208251893884773
9485,16513,-0.5200986816266897
9485,16523,-0.14847074506498137
9485,16533,-1.7753558955660202
9485,16543,-2.581162742622394
9485,16553,2.8321139001568434
9485,16563,2.8422937923391935
9485,16573,2.036455188405386
9485,16583,1.763786693300505
9485,16593,1.7573873013538894
9485,16603,3.9332091767505397
9485,16613,4.041069886698539
9485,16623,11.439943300960737
9485,16633,13.282849566247465
9485,16643,7.59550520663514
9485,16653,2.48678588037045
9485,16663,2.976209058128449
9485,16673,3.369769899691607
9485,16683,413.05133404122216
9485,16693,542.2002327067535
9485,16703,509.0735196502869
9485,16713,650.1803537912133
9485,16723,755.6269619098098
9485,16733,2638.703605403593
9485,16743,2590.520620195712
9485,16753,286601.5473246879
9485,16763,322882.1359187035
9485,16773,363591.00575216307
9485,16783,378316.18638266897
9485,16793,421564.33496506343
9485,16803,467499.62245147367
9485,16813,510315.43069035496
9495,16423,-17.37984117694533
9495,16433,-15.561909982708597
9495,16443,-13.38292066555688
9495,16453,-2.573402110115706
9495,16463,-1.7763662039719867
9495,16473,-4.423000235524809
9495,16483,-2.9700950710171248
9495,16493,-1.9426108202528787
9495,16503,0.2865629886732557
9495,16513,-0.4438582624493512
9495,16523,-0.17326366497537782
9495,16533,-1.8312456223716373
9495,16543,-2.683113566373789
9495,16553,3.682832634549856
9495,16563,3.7799956343592265
9495,16573,2.86339188069586
9495,16583,2.7909387398617462
9495,16593,2.0661559136574277
9495,16603,5.485835544001462
9495,16613,10.783532679481583
9495,16623,5.07932780862801
9495,16633,10.140089138578775
9495,16643,12.609282786543632
9495,16653,2.0653926579911848
9495,16663,2.588980469321984
9495,16673,4.122618448098807
9495,16683,414.43447785751096
9495,16693,396.8130798523712
9495,16703,516.228416840539
9495,16713,621.9878282624345
9495,16723,657.5215916069506
9495,16733,2105.6835759388855
9495,16743,2741.4693436719176
9495,16753,264239.9730936629
9495,16763,298720.77919738134
9495,16773,335997.4850295702
9495,16783,350047.8061264703
9495,16793,394041.4355246481
9495,16803,435326.9916156611
9495,16813,475125.0898610786
9505,16423,-7.722714529496001
9505,16433,-6.747946214577963
9505,16443,-5.273745332182001
9505,16453,-0.7493346680489714
9505,16463,-0.8058327693502298
9505,16473,-0.20939109824349833
9505,16483,-0.1665308968872643
9505,16493,-0.1631688720585891
9505,16503,0.24151117205518569
9505,16513,0.44053584706169824
9505,16523,0.1486309036340452
9505,16533,0.3832507284900992
9505,16543,0.509350298082142
9505,16553,9.381839584726992
9505,16563,10.833317472592613
9505,16573,9.035061841358116
9505,16583,9.379124684252462
9505,16593,8.83442660461195
9505,16603,0.08996066269945624
9505,16613,0.08525180804325538
9505,16623,0.6537915969606609
9505,16633,1.2113942553337318
9505,16643,1.468835547501373
9505,16653,12.538153568566928
9505,16663,18.032649891327754
9505,16673,12.248047401510563
9505,16683,303.5174600234245
9505,16693,380.1306454206283
9505,16703,270918.0673144324
9505,16713,303400.3783211982
9505,16723,336117.2902692605
9505,16733,233569.04115951166
9505,16743,262896.306683262
9505,16753,240613.7454042901
9505,16763,275359.63353749935
9505,16773,313271.49068827496
9505,16783,327826.8192051718
9505,16793,367753.489269093
9505,16803,16956.042457612457
9505,16813,20154.29332365741
9515,16423,-4.928388018517138
9515,16433,-4.676775514882605
9515,16443,-3.5266106206759225
9515,16453,-0.8559923827774703
9515,16463,-0.9679694606234199
9515,16473,-0.5234375139184642
9515,16483,-0.609127095587167
9515,16493,-0.5473001217828943
9515,16503,0.36268288910695157
9515,16513,0.39459579993170957
9515,16523,0.38672242521032496
9515,16533,0.4081866638084528
9515,16543,0.3984780448595182
9515,16553,12.13445722555524
9515,16563,11.129738888434519
9515,16573,11.309127645531122
9515,16583,11.813424332002329
9515,16593,4.965947560653591
9515,16603,-0.1333417964410848
9515,16613,0.2500242902537928
9515,16623,0.5922884355463673
9515,16633,1.1373847140571223
9515,16643,2.0192907864043144
9515,16653,16.76497733077166
9515,16663,10.91665336541381
9515,16673,14.412620168114232
9515,16683,273.15024761892755
9515,16693,282.5866649953173
9515,16703,251450.8918876977
9515,16713,282010.76213782124
9515,16723,315187.75789713016
9515,16733,216643.75622025432
9515,16743,243635.95225369374
9515,16753,217737.64332500275
9515,16763,252917.2404317769
9515,16773,287617.90259907657
9515,16783,302207.0812394384
9515,16793,344735.0586764194
9515,16803,16426.162077465146
9515,16813,19953.797635141345
9525,16423,-2.809518469970056
9525,16433,-2.8826580929812855
9525,16443,-2.2555228560882035
9525,16453,-0.9812492895066618
9525,16463,-0.6429144497156023
9525,16473,-0.6418581717657736
9525,16483,-0.4958727367698095
9525,16493,-0.33446265271733244
9525,16503,0.29014310957471645
9525,16513,0.37076402904539174
9525,16523,0.35611275492600436
9525,16533,0.4467318094325372
9525,16543,0.4682527187182921
9525,16553,12.27330049697092
9525,16563,12.645186428468593
9525,16573,16.36400020607879
9525,16583,19.316252377081117
9525,16593,8.606518498309457
9525,16603,-0.7566220648364044
9525,16613,-0.19055125781552595
9525,16623,0.3491440427537662
9525,16633,1.1430003876380277
9525,16643,1.0310711402785153
9525,16653,12.435739230124897
9525,16663,12.901197320309153
9525,16673,16.33026485807976
9525,16683,187.90002278913062
9525,16693,263.2281356821409
9525,16703,231641.59184757632
9525,16713,262336.5312842405
9525,16723,293364.4221752816
9525,16733,199314.40399454866
9525,16743,226075.92524687623
9525,16753,197704.11593339941
9525,16763,229731.075193676
9525,16773,265920.8422826098
9525,16783,279545.387015007
9525,16793,318448.0244602819
9525,16803,15647.236001011384
9525,16813,18106.56759043596
9535,16423,0.015804069168086077
9535,16433,-0.8514417579640514
9535,16443,-0.49031165859879655
9535,16453,-1.211466902670066
9535,16463,-0.9685191521198369
9535,16473,-0.870307295371743
9535,16483,-0.7625899670015435
9535,16493,-0.5837438075464099
9535,16503,0.14070064707674357
9535,16513,0.11930983323735456
9535,16523,0.07869766320117089
9535,16533,0.4153805996979707
9535,16543,0.6044068050909908
9535,16553,10.967442171204754
9535,16563,12.31850381005687
9535,16573,16.827050651620528
9535,16583,19.736950241837338
9535,16593,7.314166865683079
9535,16603,-0.7854802259166838
9535,16613,-1.2622831851836174
9535,16623,-0.3336435700835074
9535,16633,1.1234291348305185
9535,16643,2.11413060587846
9535,16653,16.32412821499064
9535,16663,12.781606638739037
9535,16673,12.11158894531444
9535,16683,341.75774353648785
9535,16693,221.95858515454938
9535,16703,167591.04426538173
9535,16713,193044.69186719158
9535,16723,219497.20072931467
9535,16733,112679.72477111703
9535,16743,133085.5966883077
9535,16753,69110.50554438191
9535,16763,95754.57080401838
9535,16773,121018.53907993092
9535,16783,67941.93797539425
9535,16793,98606.99859091127
9535,16803,11272.20333536376
9535,16813,15159.668688672064
9545,16423,1.9601709739003916
9545,16433,0.7038377451758486
9545,16443,0.3081971133874384
9545,16453,-1.3359418937539096
9545,16463,-1.1823689655934806
9545,16473,-1.007163544337812
9545,16483,-0.7809264967286373
9545,16493,-0.48653820204300535
9545,16503,0.16866844280638071
9545,16513,0.04775483952151882
9545,16523,-0.006785649798542348
9545,16533,0.3097368243111185
9545,16543,0.6577160977835654
9545,16553,9.420673177541618
9545,16563,11.55127122479506
9545,16573,15.767069555637578
9545,16583,20.69983917241233
9545,16593,6.436715953321697
9545,16603,-2.2778954939635816
9545,16613,-0.8091607797464468
9545,16623,-0.6947714661432776
9545,16633,0.44264170713039386
9545,16643,1.4730639131089327
9545,16653,15.03156338430607
9545,16663,16.192964196023684
9545,16673,15.916767601469916
9545,16683,149.043566553672
9545,16693,250.08152738946274
9545,16703,151461.3884719399
9545,16713,176402.80514637718
9545,16723,202322.98957874964
9545,16733,99561.37831255826
9545,16743,120127.68542338727
9545,16753,54573.50322771328
9545,16763,77639.83714224494
9545,16773,101813.544359678
9545,16783,52594.19249883864
9545,16793,80094.80880247551
9545,16803,10045.397754831669
9545,16813,11380.848605663916
9555,16423,1.8951393998799966
9555,16433,0.8179147248961152
9555,16443,0.48226685998860086
9555,16453,-0.2977910002878281
9555,16463,-0.2898816994925375
9555,16473,-0.40395483606654414
9555,16483,-0.3189299190485264
9555,16493,-0.1246247524463917
9555,16503,0.6248000333075532
9555,16513,-0.0943422849009159
9555,16523,0.7171504065849938
9555,16533,1.6126774024528339
9555,16543,3.91927375148997
9555,16553,-4.228689380055142
9555,16563,-5.076247021766461
9555,16573,-6.369295126125065
9555,16583,-5.514264379110967
9555,16593,-5.418732208483119
9555,16603,3.0448956699478793
9555,16613,4.721116253022489
9555,16623,5.509134205138695
9555,16633,6.100598770943622
9555,16643,6.925478335084778
9555,16653,24.45521951431191
9555,16663,13.924924610990717
9555,16673,15.936887721815298
9555,16683,234.9580074913324
9555,16693,315.6876464495658
9555,16703,105495.45378800179
9555,16713,130575.53291986039
9555,16723,157244.86207191716
9555,16733,33776.44428887002
9555,16743,51996.29406920543
9555,16753,39364.57887827767
9555,16763,62688.143181545594
9555,16773,87633.98560742149
9555,16783,37673.966148021915
9555,16793,66343.30684264225
9555,16803,28081.15816497214
9555,16813,31520.558891111454
9565,16423,2.4512079710188908
9565,16433,1.2442704946083603
9565,16443,0.6684107804253352
9565,16453,-0.0962592744686055
9565,16463,-0.28239998425807533
9565,16473,-0.40217782531500523
9565,16483,-0.2965270032941709
9565,16493,-0.10202960699781505
9565,16503,0.42739632151686857
9565,16513,-0.16020480063845133
9565,16523,0.22157302534513912
9565,16533,1.0319149959182021
9565,16543,2.623489057929407
9565,16553,-3.1008624477031055
9565,16563,-4.2837691129020765
9565,16573,-5.486060132192064
9565,16583,-5.031382651337038
9565,16593,-1.3421432471145756
9565,16603,2.763048261091614
9565,16613,3.564570391674794
9565,16623,4.707458907687839
9565,16633,6.223203848429408
9565,16643,7.996799330947839
9565,16653,22.491497873321794
9565,16663,22.852354989089225
9565,16673,22.803409599604937
9565,16683,192.98251977797963
9565,16693,249.39225736562412
9565,16703,89527.41059123378
9565,16713,114107.82503311691
9565,16723,139323.7809174524
9565,16733,20806.658218365446
9565,16743,38901.16461184207
9565,16753,26872.012202039587
9565,16763,48776.1258051141
9565,16773,72629.74956618698
9565,16783,26294.81465843034
9565,16793,50080.88636669743
9565,16803,26279.728181555976
9565,16813,27976.26753167848
9575,16423,2.708215560815449
9575,16433,1.314636831572431
9575,16443,0.7310865785916456
9575,16453,-0.09144659116965448
9575,16463,-0.2681971883207672
9575,16473,-0.4138271172482866
9575,16483,-0.29921711396992867
9575,16493,-0.06365520240025324
9575,16503,0.2860572847352949
9575,16513,-0.35377362723330696
9575,16523,-0.010565026932011445
9575,16533,0.8768734441477926
9575,16543,2.4999776006375094
9575,16553,-2.956460902183165
9575,16563,-4.088979677216697
9575,16573,-5.04511377460541
9575,16583,-4.68282758171655
9575,16593,-4.158547230711987
9575,16603,0.7525874428033483
9575,16613,2.9831904905954496
9575,16623,4.262332946011599
9575,16633,4.0577579309688065
9575,16643,5.7750361257280804
9575,16653,25.9334267263116
9575,16663,27.897857931493935
9575,16673,23.40152622319191
9575,16683,258.92287005186563
9575,16693,337.28937842876667
9575,16703,74596.66903802726
9575,16713,97135.25064993091
9575,16723,121199.56898970593
9575,16733,10448.512969506344
9575,16743,28168.839608965056
9575,16753,14159.458826003152
9575,16763,36433.22075042733
9575,16773,58171.74492345488
9575,16783,9211.144030311487
9575,16793,32688.679312826127
9575,16803,24133.641300665266
9575,16813,28277.212536730913
9585,16423,1.7601082955593363
9585,16433,0.969697502784117
9585,16443,0.42624651261620494
9585,16453,-0.13200490427653966
9585,16463,-0.27794323245281083
9585,16473,-0.3449141596861529
9585,16483,-0.3069125996621671
9585,16493,-0.03155692456449577
9585,16503,0.14040515540590315
9585,16513,-0.4164430649175421
9585,16523,0.03317227816340784
9585,16533,0.6430736783008677
9585,16543,1.7606227237779302
9585,16553,-2.4918642154148194
9585,16563,-3.1924324353235654
9585,16573,-3.7014686979014306
9585,16583,-3.2780608508105735
9585,16593,-2.5621141941878824
9585,16603,0.7408432903252895
9585,16613,2.5353187730729467
9585,16623,2.640692205641687
9585,16633,3.9392583839439674
9585,16643,5.649192567471333
9585,16653,23.912972280515977
9585,16663,27.033700781867527
9585,16673,31.854736036847033
9585,16683,145.26813122635258
9585,16693,312.3982893185971
9585,16703,37770.770761222804
9585,16713,56211.96047238315
9585,16723,77725.45822327546
9585,16733,-14281.83901815286
9585,16743,926.054762864595
9585,16753,-15027.798052495848
9585,16763,1663.9130979317638
9585,16773,19386.58511988521
9585,16783,-40022.34076870306
9585,16793,-22140.00052554234
9585,16803,22653.700290038214
9585,16813,26354.647619611518
9595,16423,1.8510074409646102
9595,16433,0.6293618534041223
9595,16443,0.04531422635089877
9595,16453,-0.14421079494742406
9595,16463,-0.24881854220394706
9595,16473,-0.3231242974502613
9595,16483,-0.2759151807472455
9595,16493,0.035614987071755255
9595,16503,0.0047506342166223625
9595,16513,-0.607845894096966
9595,16523,-0.19012800534939123
9595,16533,0.15328963440741683
9595,16543,1.2388850583160882
9595,16553,-2.328284785303834
9595,16563,-2.925776465860975
9595,16573,-3.373046727450413
9595,16583,-2.9854078093262735
9595,16593,-2.445038711833616
9595,16603,-3.680191103143
9595,16613,0.6772999644094733
9595,16623,2.191239499931259
9595,16633,2.547798241176212
9595,16643,3.9859070039751594
9595,16653,25.376399641122124
9595,16663,28.50637335300461
9595,16673,29.80197050538162
9595,16683,185.34437388169363
9595,16693,373.9128632280267
9595,16703,26345.58636935034
9595,16713,43949.244538541614
9595,16723,63579.985024266054
9595,16733,-23216.51125256299
9595,16743,-9652.079158965127
9595,16753,-29368.937398024784
9595,16763,-14143.15114385423
9595,16773,4118.096383610413
9595,16783,-58374.87408364681
9595,16793,-43288.636190516445
9595,16803,24683.73490501954
9595,16813,30779.88634472485
9605,16423,0.676854838755832
9605,16433,-0.016789236636680638
9605,16443,-0.5839724701431925
9605,16453,-0.05467213964540241
9605,16463,-0.9447698585495465
9605,16473,-1.9960492161403756
9605,16483,-1.8188021575547402
9605,16493,-1.5879654059167598
9605,16503,-0.43363276204719403
9605,16513,-1.1094017704231312
9605,16523,-0.8646877135975166
9605,16533,-0.48287035614295126
9605,16543,0.9039228739206799
9605,16553,3.654268004982884
9605,16563,6.008887616008439
9605,16573,8.619667534273036
9605,16583,12.454242159896681
9605,16593,16.58131594902851
9605,16603,1.5580001324928952
9605,16613,-0.42822754140753494
9605,16623,-1.4403113174262336
9605,16633,-5.572189086574793
9605,16643,-8.952628135440603
9605,16653,19.822859707994656
9605,16663,28.593413937975573
9605,16673,35.21687353037895
9605,16683,229.00555940309323
9605,16693,310.12852044117653
9605,16703,72462.49191092394
9605,16713,87316.06396791531
9605,16723,103286.77333152958
9605,16733,59896.35948423742
9605,16743,72066.47654067544
9605,16753,-497.544843475021
9605,16763,13314.454809348732
9605,16773,28153.523261861752
9605,16783,-24813.127921455343
9605,16793,-13831.319704404894
9605,16803,-47632.099863092015
9605,16813,-42715.881635162375
9615,16423,0.7758313692979635
9615,16433,-0.19054585256482204
9615,16443,0.35705872740844535
9615,16453,0.04818593934077109
9615,16463,-0.8698164364245833
9615,16473,-1.7247954848057936
9615,16483,-1.6549942379565556
9615,16493,0.390633650262759
9615,16503,-0.7060620909246729
9615,16513,-1.6837330607882115
9615,16523,-1.2803931960584243
9615,16533,-1.6202934038078758
9615,16543,2.663406829051825
9615,16553,3.3486307907664803
9615,16563,5.646980818004964
9615,16573,7.790046677888755
9615,16583,11.505054743429797
9615,16593,16.544375217280038
9615,16603,1.5127013558599054
9615,16613,1.4078215679987687
9615,16623,-0.9570921343179299
9615,16633,-5.307480819049955
9615,16643,-5.434626251465955
9615,16653,20.10550357607325
9615,16663,24.990444789779293
9615,16673,27.204475832514152
9615,16683,58.627583088230026
9615,16693,242.99437017970968
9615,16703,63173.96164072505
9615,16713,77446.19553606448
9615,16723,92661.88680670976
9615,16733,52000.99755240222
9615,16743,63806.99213928062
9615,16753,-14150.418225866459
9615,16763,-2580.2411860427305
9615,16773,7647.560515048761
9615,16783,-50053.24994583027
9615,16793,-54146.900208068655
9615,16803,-142266.71471723003
9615,16813,-145631.19984250783
9625,16423,0.6075662971638729
9625,16433,-0.2512962849937259
9625,16443,0.11594936169466274
9625,16453,-0.7626087958410728
9625,16463,-1.7628014320430458
9625,16473,-2.7043100207879553
9625,16483,-2.430931487127521
9625,16493,0.2554677040829909
9625,16503,-0.7746441606937089
9625,16513,-1.73831427349752
9625,16523,-2.177440596460213
9625,16533,-2.6277785482302654
9625,16543,1.1796571095405732
9625,16553,1.9889228992328634
9625,16563,3.574602094617591
9625,16573,5.7536447131355875
9625,16583,8.627531663420529
9625,16593,14.909907790243311
9625,16603,1.0271990403348235
9625,16613,1.1682973336360072
9625,16623,1.7952231338208429
9625,16633,-1.9445057883927013
9625,16643,-4.854942564597435
9625,16653,19.924323351319334
9625,16663,17.411644671149123
9625,16673,25.53229333948592
9625,16683,5.712707439634402
9625,16693,53.40278222370442
9625,16703,54338.000834496925
9625,16713,67920.33833835102
9625,16723,82531.24408360868
9625,16733,44804.4548437516
9625,16743,55102.27599413902
9625,16753,-25946.173020518712
9625,16763,-20989.325532271476
9625,16773,-24309.05645045876
9625,16783,-117438.42096257492
9625,16793,-111631.35009927387
9625,16803,-159744.64645104334
9625,16813,-151969.7384686771
9635,16423,0.25242758009015853
9635,16433,-0.3779917282004255
9635,16443,0.35057655814351785
9635,16453,-0.04787523518417691
9635,16463,-0.8169260490171957
9635,16473,-2.3125908771830956
9635,16483,-1.827848219596047
9635,16493,0.2885579579237736
9635,16503,-0.6871967056135992
9635,16513,-2.520942117632797
9635,16523,-2.598054140012676
9635,16533,-3.936299314380006
9635,16543,1.177857894065243
9635,16553,0.7803151407210742
9635,16563,2.268994469363394
9635,16573,3.2636847532926248
9635,16583,5.003475404395873
9635,16593,9.036702890262392
9635,16603,0.4899442385289938
9635,16613,1.0461336988596366
9635,16623,1.273284527204384
9635,16633,-0.5616457475039289
9635,16643,-0.4749973604261988
9635,16653,10.355290468688041
9635,16663,16.60215410007412
9635,16673,20.337783619463597
9635,16683,32.97012536010196
9635,16693,84.7163638352581
9635,16703,58222.272179808766
9635,16713,72987.40021712922
9635,16723,89180.55734072911
9635,16733,50022.00850290767
9635,16743,61126.39339938547
9635,16753,-12642.43255236149
9635,16763,-11148.527091447126
9635,16773,-31868.235344431225
9635,16783,-124797.53248456851
9635,16793,-120593.70518075695
9635,16803,-169420.3883874147
9635,16813,-163343.8720105848
9645,16423,0.11566118013478155
9645,16433,-0.5453260597200944
9645,16443,0.04980415815269845
9645,16453,-1.2604592134953356
9645,16463,-2.4577012669974585
9645,16473,-3.0365465683348822
9645,16483,-2.8821941752462528
9645,16493,0.15223933815331003
9645,16503,-1.4605026803833545
9645,16513,-2.9820698807666424
9645,16523,-4.187191647717112
9645,16533,-5.1634402108679875
9645,16543,-1.0441834158332433
9645,16553,-1.293662362826138
9645,16563,-0.4071622477854482
9645,16573,0.6055784200075203
9645,16583,1.9204530517968004
9645,16593,6.7640219713143654
9645,16603,-0.5622303707127805
9645,16613,0.6583509296110486
9645,16623,0.9321317929502464
9645,16633,1.8851174522210266
9645,16643,-0.4642267717640727
9645,16653,10.157469116697472
9645,16663,10.076425142652157
9645,16673,26.934031550780208
9645,16683,-2.8315920209056578
9645,16693,-10.47849259025635
9645,16703,48543.69657268615
9645,16713,62922.69986486191
9645,16723,78583.88835016123
9645,16733,42885.39724571968
9645,16743,52905.934287512544
9645,16753,-25801.274038077034
9645,16763,-41762.32251863671
9645,16773,-36442.38818498143
9645,16783,-126645.57516462167
9645,16793,-123646.65341216544
9645,16803,-172425.80018890006
9645,16813,-167613.99745677708
9655,16423,-2.015411965264787
9655,16433,-1.289965961892006
9655,16443,-1.6833256279128483
9655,16453,-0.629898901046102
9655,16463,-0.037527554718975065
9655,16473,0.6559245352332135
9655,16483,1.2880292978593268
9655,16493,0.17026659075826212
9655,16503,-0.28256214762906273
9655,16513,-0.6529590711356952
9655,16523,-1.029284794472472
9655,16533,-1.4963720036971728
9655,16543,-0.8972501005696478
9655,16553,-1.2783818329403522
9655,16563,-1.5641272250281992
9655,16573,-1.8658927779247398
9655,16583,-2.6209313721115115
9655,16593,-3.8312323963105093
9655,16603,-1.1296318205927611
9655,16613,-1.2138574625200937
9655,16623,0.20679217410405437
9655,16633,1.1136649262120835
9655,16643,1.9874088207366065
9655,16653,-0.6922587776130178
9655,16663,4.958291075054591
9655,16673,10.024108885955217
9655,16683,-33.19051133722634
9655,16693,-12.666780753475463
9655,16703,-32.28023169222389
9655,16713,-15.042148976535385
9655,16723,324.02852356276026
9655,16733,985.5667747618504
9655,16743,3767.610610979777
9655,16753,-8797.72991759939
9655,16763,-16412.418463996037
9655,16773,-10689.919481732628
9655,16783,-89368.23377725825
9655,16793,-85701.3653155608
9655,16803,-106122.03832231922
9655,16813,-99819.26633269218
9665,16423,-2.037339500449446
9665,16433,-2.7085799450355927
9665,16443,-1.7608321115908558
9665,16453,-0.6904394526568587
9665,16463,0.0310465269217155
9665,16473,0.742196161409526
9665,16483,-0.06829419409724613
9665,16493,0.16854720935997358
9665,16503,-0.4313744429741866
9665,16513,-1.0324304529417652
9665,16523,-1.5544247447028403
9665,16533,-1.0375311569437264
9665,16543,-1.3392987629699866
9665,16553,-1.2804676521987068
9665,16563,-1.4934961217873144
9665,16573,-1.7517350173216193
9665,16583,-2.9811013763314924
9665,16593,-3.7355164381510924
9665,16603,-2.2669761773208967
9665,16613,-1.03955284789073
9665,16623,0.0051682966954893494
9665,16633,0.15316543544075722
9665,16643,1.4769643134572896
9665,16653,0.16220250861850838
9665,16663,-2.199441799435147
9665,16673,5.536152342793217
9665,16683,-46.28540910785479
9665,16693,-32.65377376561038
9665,16703,-42.57855399550273
9665,16713,47.033524034567094
9665,16723,300.2321988606059
9665,16733,860.5226135869093
9665,16743,3344.884709633007
9665,16753,-14174.559602809262
9665,16763,-19240.7459989017
9665,16773,-14664.510125366047
9665,16783,-90844.08219432784
9665,16793,-88220.08181711717
9665,16803,-109041.73240491605
9665,16813,-104096.59013138755
9675,16423,-1.3620216051999825
9675,16433,-2.250557987724745
9675,16443,-1.3557314599525063
9675,16453,-0.6729710916183769
9675,16463,0.07017281004708531
9675,16473,0.7797578950780797
9675,16483,-0.09690271779937865
9675,16493,0.17554517498546085
9675,16503,-0.5373009001264228
9675,16513,-1.3025164061614425
9675,16523,-1.823231524358119
9675,16533,-1.1859113332825593
9675,16543,-1.4592414297581064
9675,16553,-1.3437485185054476
9675,16563,-1.51794394097625
9675,16573,-1.7092672520443677
9675,16583,-2.7291220882393765
9675,16593,-3.4748353003301538
9675,16603,-1.3079318098966843
9675,16613,-2.9830565018269346
9675,16623,-1.4927251086696862
9675,16633,0.35624738602972394
9675,16643,0.996722969889094
9675,16653,-9.24513355745104
9675,16663,-0.44830365824556173
9675,16673,5.377332986194675
9675,16683,-24.657588499794212
9675,16693,-29.89943695863577
9675,16703,-49.133550184712945
9675,16713,10.394299745843897
9675,16723,207.15156052141583
9675,16733,252.14396357489068
9675,16743,2056.1221775938106
9675,16753,-16244.869456895067
9675,16763,-12580.87520347091
9675,16773,-15613.536076873315
9675,16783,-91518.34789483057
9675,16793,-90106.88146600316
9675,16803,-111343.04060622177
9675,16813,-107277.8021729493
9685,16423,-1.2973506013872913
9685,16433,-1.9964184312625668
9685,16443,-1.4088227834504443
9685,16453,-0.6658212339748508
9685,16463,0.011414420027437533
9685,16473,0.7587673500024601
9685,16483,0.018503966181457887
9685,16493,0.19232006968421667
9685,16503,-0.7055822341713003
9685,16513,-1.4994337309103805
9685,16523,-2.1215845742040194
9685,16533,-1.4736291446383922
9685,16543,-1.8522724652789413
9685,16553,-1.4825462923395327
9685,16563,-1.6207238380225255
9685,16573,-1.762605145464034
9685,16583,-2.97146802483577
9685,16593,-3.8426913894140973
9685,16603,-2.881275321421993
9685,16613,-1.9472890223619408
9685,16623,-0.7585336572151511
9685,16633,-2.4592248983312976
9685,16643,0.14708241330707716
9685,16653,-8.262766038540134
9685,16663,-8.846408158503904
9685,16673,-0.2506201391147562
9685,16683,-3.1190082804310015
9685,16693,-3.0443985425877265
9685,16703,-13.374873940927058
9685,16713,16.42838823737883
9685,16723,82.89927946306896
9685,16733,354.1256714061533
9685,16743,980.5724139361341
9685,16753,26264.93591649882
9685,16763,39574.832058609645
9685,16773,52574.4148436578
9685,16783,-38931.359750751515
9685,16793,-45628.87345374225
9685,16803,-61322.01169465119
9685,16813,-55372.52118800095
9695,16423,-0.6443056701459802
9695,16433,-0.8880094226401645
9695,16443,-0.35189727308853724
9695,16453,-0.07465560164520246
9695,16463,0.483594009747764
9695,16473,0.8389269377007502
9695,16483,-0.019016575540729885
9695,16493,0.10676499586451138
9695,16503,-0.723993893763248
9695,16513,-1.4767246729966366
9695,16523,-2.0835787300670865
9695,16533,-1.6535100023388742
9695,16543,-1.9745682205607529
9695,16553,-1.5395464730459145
9695,16563,-1.648536270898615
9695,16573,-1.7303484823855917
9695,16583,-2.8033088853767487
9695,16593,-3.5539443502562
9695,16603,-1.7181734624678149
9695,16613,-1.517101263983489
9695,16623,-3.271492428327759
9695,16633,-1.307608967406407
9695,16643,0.29587819924243997
9695,16653,-16.06940163173523
9695,16663,-5.949115600501967
9695,16673,0.20424700262855078
9695,16683,-2.3918680412675832
9695,16693,-3.245740754856809
9695,16703,-15.250516778650775
9695,16713,1.725711416606361
9695,16723,55.21382297502031
9695,16733,54.69304559999044
9695,16743,466.15686981766385
9695,16753,17783.6566654993
9695,16763,31452.054532937625
9695,16773,46227.75968256065
9695,16783,-28240.69224702326
9695,16793,-22911.332398079765
9695,16803,-40819.937988205995
9695,16813,-59300.107583087905
9705,16423,-0.05025970680391145
9705,16433,-0.6890320061425093
9705,16443,-0.4839146304798425
9705,16453,-0.24330956988661745
9705,16463,0.48165557978107865
9705,16473,1.1717069361406964
9705,16483,0.39403902329694285
9705,16493,0.7374273201935346
9705,16503,0.7986511410203883
9705,16513,0.5233965140146091
9705,16523,0.4353121479730242
9705,16533,-0.2546483676774307
9705,16543,-0.33642936271600155
9705,16553,-0.834788050480268
9705,16563,-0.9651623058666821
9705,16573,-1.0458233008171312
9705,16583,-2.8166683525846685
9705,16593,-3.754463893659261
9705,16603,-4.092397532025201
9705,16613,-6.217308152997715
9705,16623,-4.617695464148268
9705,16633,-7.029166640429606
9705,16643,-4.0656857909848565
9705,16653,-30.337537475155397
9705,16663,-16.499235086411783
9705,16673,-3.68416498762191
9705,16683,-7.452533057155518
9705,16693,-10.209658945160767
9705,16703,2378.9550834490587
9705,16713,3641.3435960511347
9705,16723,4959.353931317593
9705,16733,4555.844190657161
9705,16743,5779.628573413
9705,16753,313.4834977397627
9705,16763,593.5843793316967
9705,16773,880.0771743969458
9705,16783,649.9857616910526
9705,16793,2025.0593850112568
9705,16803,-67763.48368056328
9705,16813,-80226.15288977275
9715,16423,0.2049054394524199
9715,16433,-0.012238368035025982
9715,16443,0.26188807297920613
9715,16453,0.16452573653849578
9715,16463,0.8804432553520081
9715,16473,-0.1561869937645617
9715,16483,0.3719169453329294
9715,16493,0.3648964347744248
9715,16503,0.5488568428049683
9715,16513,0.4614995061351572
9715,16523,-0.0196724075426693
9715,16533,-0.028331875691504305
9715,16543,-0.14451453817993132
9715,16553,-0.7224703821771192
9715,16563,-0.9305124908055524
9715,16573,-1.778367214231833
9715,16583,-2.564962416282936
9715,16593,-3.4403508986647586
9715,16603,-3.9470847098632595
9715,16613,-4.738287962223252
9715,16623,-7.737630047871347
9715,16633,-5.397848379193887
9715,16643,-2.9022286783652027
9715,16653,-26.306745641522422
9715,16663,-13.83103719414022
9715,16673,-4.801803161396959
9715,16683,-5.807485153789015
9715,16693,-8.187076510519104
9715,16703,1601.773294598454
9715,16713,2787.292672256481
9715,16723,4050.031031226383
9715,16733,3754.347404731751
9715,16743,4890.877663446467
9715,16753,-51.82354151452411
9715,16763,112.15458156674184
9715,16773,239.4151620941634
9715,16783,-1065.5338937829433
9715,16793,-580.1698032791678
9715,16803,-65950.96192814669
9715,16813,-59356.24225286494
9725,16423,0.3273232727010389
9725,16433,0.17304409252436637
9725,16443,0.09868215853247131
9725,16453,-0.06408081309156222
9725,16463,0.09335435316505647
9725,16473,-0.17583147605865923
9725,16483,-0.13149033158653145
9725,16493,-0.04792486366160409
9725,16503,0.07634399052084229
9725,16513,0.08148059271524
9725,16523,-0.3505136308153971
9725,16533,-0.29682732705943016
9725,16543,-0.35618542377006923
9725,16553,-0.8158862764607995
9725,16563,-0.8355961569245784
9725,16573,-1.2436104697476487
9725,16583,-1.7091008621569137
9725,16593,-2.3187933698423087
9725,16603,-3.25839583349399
9725,16613,-7.476195725328138
9725,16623,-5.7035282739448245
9725,16633,-4.1839660264154315
9725,16643,-2.5919886182305283
9725,16653,-21.75399658617199
9725,16663,-14.775945840992348
9725,16673,-6.590750529830542
9725,16683,-7.6873851962659625
9725,16693,-5.298728025990853
9725,16703,821.8044258158266
9725,16713,1961.7972064746068
9725,16723,3164.019836738786
9725,16733,3006.4452281460913
9725,16743,4007.2662653242373
9725,16753,-255.19863046636556
9725,16763,-236.15519944023208
9725,16773,-220.96732572059364
9725,16783,-2303.3958528855796
9725,16793,-2143.6971784127886
9725,16803,-64608.010243030505
9725,16813,-56861.82207714776
9735,16423,0.5147091589101245
9735,16433,0.6438511217643161
9735,16443,0.783060396374355
9735,16453,0.5903513590387655
9735,16463,0.8160341523402956
9735,16473,-0.0791259127795576
9735,16483,-0.05447969982152534
9735,16493,-0.4456396216333025
9735,16503,-0.4089987544498519
9735,16513,-0.568415621738962
9735,16523,-0.6512397892142991
9735,16533,-0.7138043074878744
9735,16543,-0.7263240959796469
9735,16553,-1.0187786320816605
9735,16563,-1.0179990324318289
9735,16573,-1.68577933230655
9735,16583,-2.425839185052167
9735,16593,-2.8532390108807824
9735,16603,-4.395704574336845
9735,16613,-5.307380632824346
9735,16623,-4.454336478556355
9735,16633,-3.6619549530801243
9735,16643,-2.263795218932058
9735,16653,-20.902657248828756
9735,16663,-13.656160485355498
9735,16673,-7.035255629416055
9735,16683,-6.918225702225312
9735,16693,-7.27280988285885
9735,16703,153.3759416618782
9735,16713,1346.4521468821117
9735,16723,2562.057104119995
9735,16733,2747.8011704849564
9735,16743,3788.4044333358984
9735,16753,-129.93992628320802
9735,16763,-110.80248091066416
9735,16773,-83.95470103619256
9735,16783,-1844.6346043783192
9735,16793,-2035.867123650714
9735,16803,-48316.68599765853
9735,16813,-38712.62406816483
9745,16423,5.201714659102878
9745,16433,0.4255978111982466
9745,16443,0.12133386385584055
9745,16453,-0.7538375972285514
9745,16463,-1.4282443457700658
9745,16473,-0.10863834039583997
9745,16483,-0.5221347466499657
9745,16493,-0.8996994211115754
9745,16503,-1.056916017761535
9745,16513,-1.2145529216572988
9745,16523,-1.6192793524892415
9745,16533,-1.6041934059535499
9745,16543,-1.709051121848018
9745,16553,-1.7742396510216287
9745,16563,-1.8819642715166203
9745,16573,-2.0735588143356956
9745,16583,-2.519538123691303
9745,16593,-3.1236728878061633
9745,16603,12.667988308640348
9745,16613,12.541969611535466
9745,16623,7.855905262804741
9745,16633,2.7840019634972912
9745,16643,1.031903867370135
9745,16653,-19.678630604822967
9745,16663,-14.119957253940369
9745,16673,-11.009818089696195
9745,16683,-10.431337478199124
9745,16693,-8.157339913733734
9745,16703,78.90614919321568
9745,16713,526.1761707134215
9745,16723,1735.1641625234265
9745,16733,2092.522719611596
9745,16743,3069.527756588934
9745,16753,-141.33630796716125
9745,16763,-137.08896854794102
9745,16773,-192.0922158152457
9745,16783,-2037.327647391306
9745,16793,-2112.6210084493864
9745,16803,-53803.26899379094
9745,16813,-44640.77125166718
9755,16423,14.37497825058425
9755,16433,10.15721979422277
9755,16443,0.3407165984904048
9755,16453,-0.04612711755136223
9755,16463,0.15601121525877426
9755,16473,-1.0469232892132943
9755,16483,-1.3193239097813723
9755,16493,-2.146892391603172
9755,16503,-2.5639134096632126
9755,16513,-2.1408320459663748
9755,16523,-1.6467565341513484
9755,16533,-2.101521234616951
9755,16543,-2.1768989258630547
9755,16553,-2.403337805364129
9755,16563,-2.502704912221373
9755,16573,-3.0062355835175487
9755,16583,0.4717487704406147
9755,16593,6.614483926380204
9755,16603,6.96087375503747
9755,16613,7.688385107605869
9755,16623,3.9355102312333536
9755,16633,1.4027763241251585
9755,16643,-0.014744822757632559
9755,16653,-3.4374886882792572
9755,16663,-3.458268559602869
9755,16673,-3.142065002007724
9755,16683,6.09197924826775
9755,16693,7.647719355700689
9755,16703,-27.477352094770605
9755,16713,-17.81187922563505
9755,16723,-19.399544995939788
9755,16733,-113.99110383897597
9755,16743,-136.17037090671465
9755,16753,-51096.15097162773
9755,16763,-43395.26645843623
9755,16773,-33184.15605931573
9755,16783,-77456.82756842268
9755,16793,-73970.32379661944
9755,16803,18657.225057402153
9755,16813,22109.322094191295
9765,16423,17.224115021694605
9765,16433,14.064509086420445
9765,16443,10.729013578202727
9765,16453,-0.4877238910626267
9765,16463,0.12153191204605429
9765,16473,-0.9502843822333609
9765,16483,-1.771084773972246
9765,16493,-2.7319591035989226
9765,16503,-3.6630669682704258
9765,16513,-3.668250211812404
9765,16523,-3.9762808285954754
9765,16533,-4.456548009482061
9765,16543,-4.759301948775386
9765,16553,-4.267172007537296
9765,16563,-13.12376786740016
9765,16573,-7.187123498595168
9765,16583,-2.870723578212631
9765,16593,2.164580435136019
9765,16603,3.3892803081475784
9765,16613,4.582603374140023
9765,16623,2.319589098850417
9765,16633,0.5064713453107168
9765,16643,-0.3050163886578168
9765,16653,-4.635387939698843
9765,16663,-4.331460646709742
9765,16673,-3.6296047615537765
9765,16683,4.132255962693749
9765,16693,5.631954209581169
9765,16703,77.61046392615434
9765,16713,86.90539288630724
9765,16723,91.1606369737933
9765,16733,-139.7420402071216
9765,16743,-121.48579866329193
9765,16753,-55690.4302141595
9765,16763,-48749.402579784575
9765,16773,-39974.59523824904
9765,16783,-78655.25808959568
9765,16793,-76582.71374864402
9765,16803,16636.53921965637
9765,16813,19892.690257991962
9775,16423,18.675641136877392
9775,16433,17.45638580788408
9775,16443,15.217965123993496
9775,16453,10.100550111434574
9775,16463,0.08597124987180615
9775,16473,-1.44988647370293
9775,16483,-2.2461862785780915
9775,16493,-3.5173519641607647
9775,16503,-4.586421255844028
9775,16513,-3.8863191401537853
9775,16523,-4.277162081394193
9775,16533,-5.207475523878669
9775,16543,-5.463886337070575
9775,16553,-16.874568340782854
9775,16563,-12.52921496460432
9775,16573,-7.926130724146345
9775,16583,-4.218039093487745
9775,16593,0.023938251827063883
9775,16603,1.2184878603370515
9775,16613,2.2741629657616493
9775,16623,0.5712155878359106
9775,16633,-0.1823788927354264
9775,16643,-0.8170201021198529
9775,16653,-5.727464889066608
9775,16663,-5.232061770926078
9775,16673,-4.071541596443707
9775,16683,2.4192299108767537
9775,16693,3.2040101623792787
9775,16703,65.4240403816152
9775,16713,76.69507466023104
9775,16723,80.98718607931413
9775,16733,-59.211567328289235
9775,16743,-22.423475047463864
9775,16753,238191.02817007923
9775,16763,234814.6454405331
9775,16773,231306.9295585222
9775,16783,58462.24246912775
9775,16793,-78209.26452177764
9775,16803,14729.579349026775
9775,16813,17838.73225131054
9785,16423,21.05521785560312
9785,16433,19.916294282062598
9785,16443,17.579196211409442
9785,16453,14.04075406665696
9785,16463,10.362472461296862
9785,16473,4.218255252512323
9785,16483,-2.663434429901384
9785,16493,-3.8864293599103923
9785,16503,-5.55583877929122
9785,16513,-5.212151291379554
9785,16523,-5.888246863679809
9785,16533,14.29764829779059
9785,16543,12.41865198750064
9785,16553,12.235596150269417
9785,16563,8.27618525822662
9785,16573,4.736745635972044
9785,16583,5.3783512497252435
9785,16593,2.854156523819699
9785,16603,0.5612831517869261
9785,16613,-0.5551278790294538
9785,16623,-1.219710892044089
9785,16633,-0.49684254921841164
9785,16643,0.20313660593136484
9785,16653,-7.2945116814876325
9785,16663,-3.317730377376859
9785,16673,-0.08348760169566338
9785,16683,1.6037308913878285
9785,16693,0.2754622505676587
9785,16703,57.539772168347994
9785,16713,65.39676876516795
9785,16723,73.42653254689547
9785,16733,207.89082298773474
9785,16743,122.47942633032697
9785,16753,263421.6321506887
9785,16763,259915.86828485632
9785,16773,256262.85873135173
9785,16783,187683.74253167096
9785,16793,184609.88456098735
9785,16803,68325.34616305822
9785,16813,67741.7683468014
9795,16423,17.890889597904323
9795,16433,18.95896435161602
9795,16443,17.210529192984257
9795,16453,15.13869043246858
9795,16463,12.374828997934388
9795,16473,6.769578649015317
9795,16483,5.240874176081421
9795,16493,-4.16930506754535
9795,16503,-5.680963477999752
9795,16513,-5.529292568513041
9795,16523,-15.762457543641643
9795,16533,12.498576936305186
9795,16543,12.553615796780365
9795,16553,12.914550148467685
9795,16563,11.067020218812546
9795,16573,7.431269562534441
9795,16583,4.5631911161112715
9795,16593,2.525767174979125
9795,16603,0.055799637652386824
9795,16613,-0.5950258021835118
9795,16623,-1.486302077660651
9795,16633,-0.401741666667943
9795,16643,0.2978161756404796
9795,16653,-3.8819850758659533
9795,16663,-0.16840885717057352
9795,16673,-1.3102095448771371
9795,16683,0.1958976553219025
9795,16693,0.8262611890026954
9795,16703,52.152137308403766
9795,16713,56.85105628443897
9795,16723,64.09416461857516
9795,16733,169.1273600834761
9795,16743,90.56476063787021
9795,16753,221072.29967484548
9795,16763,217829.16556713026
9795,16773,214410.27694173134
9795,16783,151177.77917464587
9795,16793,148315.2930378521
9795,16803,61185.41803959864
9795,16813,60652.9761491749
9805,16423,17.636310750000565
9805,16433,18.2216649840634
9805,16443,16.606159002513312
9805,16453,11.464581974920735
9805,16463,9.846981264527573
9805,16473,6.454271998511546
9805,16483,4.568834220518044
9805,16493,0.9674362758455453
9805,16503,-4.829708878219675
9805,16513,-4.69822341812643
9805,16523,-4.443489440781844
9805,16533,18.4780839650707
9805,16543,18.89783344158103
9805,16553,25897.03774292027
9805,16563,25699.420899702665
9805,16573,25504.022811937342
9805,16583,25303.699892571945
9805,16593,25106.981219900008
9805,16603,-1.08436023721107
9805,16613,-1.944117036101955
9805,16623,-2.658492693451547
9805,16633,-1.383158829972229
9805,16643,1.1111229801831422
9805,16653,3.5766036728677926
9805,16663,3.5320667086566453
9805,16673,2.673903208131821
9805,16683,5.52930142744343
9805,16693,5.469531984789215
9805,16703,7.845967301917414
9805,16713,8.85944819798941
9805,16723,10.69362714688076
9805,16733,238.06670374815485
9805,16743,162.99494644498236
9805,16753,105.93723324394567
9805,16763,96.65785538683893
9805,16773,119.00308627975072
9805,16783,62.12311943643043
9805,16793,87.42771568061333
9805,16803,166462.81292456272
9805,16813,164084.49075123703
9815,16423,12.441803021553357
9815,16433,14.230514968563954
9815,16443,13.134903686230688
9815,16453,9.16774283677704
9815,16463,7.063973136210267
9815,16473,5.275979800899664
9815,16483,3.3919428547310297
9815,16493,1.7098253972585433
9815,16503,-3.9512515224119062
9815,16513,-3.634273243376368
9815,16523,-3.2953471090072646
9815,16533,14.936973298747477
9815,16543,15.026959306466312
9815,16553,23404.019836885993
9815,16563,23210.50275402425
9815,16573,23015.908272891094
9815,16583,22816.86032496817
9815,16593,22623.043521051113
9815,16603,-3.130820726429659
9815,16613,-2.725208964845945
9815,16623,-3.6112321214527703
9815,16633,-1.5677131725019655
9815,16643,0.917755083989038
9815,16653,3.3375374475949564
9815,16663,3.1570883719764304
9815,16673,2.5732983933635176
9815,16683,4.7538346975566
9815,16693,6.017406896652107
9815,16703,7.624655129963218
9815,16713,8.987215843161254
9815,16723,10.37733799704482
9815,16733,196.3576533794917
9815,16743,135.60490452517888
9815,16753,72.85295155073298
9815,16763,68.62237190995846
9815,16773,76.94538176431568
9815,16783,-5.156038244581863
9815,16793,23.182631538038994
9815,16803,138698.88498388103
9815,16813,136528.13360806415
9825,16423,8.838719521002064
9825,16433,10.307067664158682
9825,16443,10.427480328297394
9825,16453,5.960208236727782
9825,16463,5.2998207742571015
9825,16473,5.18927822706654
9825,16483,2.7682584406797894
9825,16493,0.9838977213880633
9825,16503,-3.479192330508807
9825,16513,-2.951767085796303
9825,16523,-2.5147351276023193
9825,16533,11.389836316310253
9825,16543,11.789864618498983
9825,16553,20996.60916240303
9825,16563,20807.85007800915
9825,16573,20613.887384656373
9825,16583,20417.612796783265
9825,16593,20226.6114622979
9825,16603,-3.6269541684373627
9825,16613,-3.4547976363169375
9825,16623,-3.2782852222221783
9825,16633,-1.540884482477407
9825,16643,0.7519666872035367
9825,16653,2.90182263580981
9825,16663,2.7333186603432176
9825,16673,2.1942814692379096
9825,16683,4.938752982409357
9825,16693,6.081230086296715
9825,16703,7.463550295441097
9825,16713,8.420410067272757
9825,16723,8.584913816703635
9825,16733,155.76391469121927
9825,16743,102.90383974601762
9825,16753,49.39029225601597
9825,16763,40.35912987609525
9825,16773,54.683625642086994
9825,16783,-48.662802657876014
9825,16793,-39.53012165392967
9825,16803,112894.35853509483
9825,16813,110898.43004676257
9835,16423,4.649440723610029
9835,16433,5.56351349004443
9835,16443,5.900913272831973
9835,16453,1.5811513606681609
9835,16463,1.783366255193402
9835,16473,2.1729776016659224
9835,16483,0.8288156234125261
9835,16493,-0.0020038197758487364
9835,16503,-2.953126732412341
9835,16513,-2.2188978455738044
9835,16523,-1.5518527309536814
9835,16533,8.145327855011134
9835,16543,8.42304720629953
9835,16553,18674.59541696251
9835,16563,18490.449464198777
9835,16573,18298.91673716643
9835,16583,18208.368356273415
9835,16593,18024.20602923302
9835,16603,-3.291516815144417
9835,16613,-3.1319367172614085
9835,16623,-3.1929842596941973
9835,16633,-0.9864014764966789
9835,16643,0.8508002816165452
9835,16653,1.9014294906451021
9835,16663,1.864494575821015
9835,16673,1.3291616501451124
9835,16683,-0.7914094381335537
9835,16693,-0.517490168923826
9835,16703,-0.8043552445956386
9835,16713,-0.7848512893028903
9835,16723,-0.780869047950103
9835,16733,121.34757817559192
9835,16743,74.33804621022908
9835,16753,26.421017547305826
9835,16763,20.56116930906909
9835,16773,29.229167187404972
9835,16783,-76.06863642944474
9835,16793,-60.789770488663194
9835,16803,90966.65131421504
9835,16813,89115.17360328643
9845,16423,2.099078012827237
9845,16433,2.553084299951012
9845,16443,3.0725464968349905
9845,16453,-1.5890803354627798
9845,16463,-0.7054782601840208
9845,16473,-0.21246150189064172
9845,16483,-0.713306622935773
9845,16493,-0.8225245672579269
9845,16503,-3.1243827543289746
9845,16513,-2.211435403507051
9845,16523,-1.5101268860230568
9845,16533,5.2542619154778425
9845,16543,5.331359785683604
9845,16553,16438.334496830088
9845,16563,16260.105034200264
9845,16573,16070.591000012522
9845,16583,15976.904929444943
9845,16593,15797.051305676396
9845,16603,-3.530531701493158
9845,16613,-3.3489098421191676
9845,16623,-3.0469618107085927
9845,16633,-0.44201203491640007
9845,16643,0.43467742946130494
9845,16653,1.4578432613275134
9845,16663,1.4215975125484754
9845,16673,0.9406829888689452
9845,16683,-0.6266418353548153
9845,16693,-0.40401019491356527
9845,16703,-0.8104141630824535
9845,16713,-0.8188011643428701
9845,16723,-0.8222354646782271
9845,16733,93.63978214331335
9845,16743,56.162846297484506
9845,16753,8.28112191292938
9845,16763,3.501765646964929
9845,16773,7.393152203957003
9845,16783,-95.0069414370587
9845,16793,-91.87684018311076
9845,16803,68854.90080487897
9845,16813,67195.55136744594
9855,16423,-3.216301719344768
9855,16433,-3.656624618051422
9855,16443,-3.1565827979134276
9855,16453,0.2544300958911543
9855,16463,0.8769897877868851
9855,16473,1.2477408598574464
9855,16483,0.6717632538570677
9855,16493,0.4432419241570522
9855,16503,-2.38780181410358
9855,16513,-2.110209657759254
9855,16523,-1.8844496443994223
9855,16533,2.9297311985214827
9855,16543,2.9595156964428377
9855,16553,1.700411485355732
9855,16563,1.2009221879638852
9855,16573,-0.08418780787134272
9855,16583,-1.5201928527162756
9855,16593,-1.5130255054750825
9855,16603,-8.542505626282503
9855,16613,-7.758628022339975
9855,16623,-6.692575416709145
9855,16633,-2.4861637980861935
9855,16643,-0.5376946926767352
9855,16653,0.9351456136141558
9855,16663,0.8331851416955822
9855,16673,0.5578295435920944
9855,16683,-0.7619491553991913
9855,16693,-0.6445445132335528
9855,16703,-2.1719822529189634
9855,16713,-2.218362761755555
9855,16723,-2.158680684754939
9855,16733,73.40493484245279
9855,16743,43.107702562112976
9855,16753,28.091798163303327
9855,16763,23.56181628855892
9855,16773,26.77481324126028
9855,16783,-71.0342226319549
9855,16793,-64.3579921042906
9855,16803,-39.8657559109629
9855,16813,-29.654902231129665
9865,16423,-4.108075989038765
9865,16433,-4.518248484564095
9865,16443,-4.752936976706691
9865,16453,-1.2072703064836907
9865,16463,-0.6703362446346666
9865,16473,-0.5072574529690548
9865,16483,-0.5080746734233919
9865,16493,-0.3149518389614179
9865,16503,-2.3415919389585844
9865,16513,-1.9226575240095491
9865,16523,-1.7033810192438188
9865,16533,1.3675143999794153
9865,16543,1.3934397638008584
9865,16553,0.66231322881548
9865,16563,0.5722562305386298
9865,16573,-0.46428486696778526
9865,16583,-1.3903504170953176
9865,16593,-1.4048497442049785
9865,16603,-9.082161139296216
9865,16613,-7.595421009500127
9865,16623,-5.887433546980459
9865,16633,-1.4085700425853367
9865,16643,-1.4557054614774763
9865,16653,0.34331950113890963
9865,16663,0.2651756921481927
9865,16673,0.10922138994691233
9865,16683,-0.7396254399277615
9865,16693,-0.738056624431477
9865,16703,-2.4133069113081667
9865,16713,-2.4753483814197472
9865,16723,-2.4060906067384287
9865,16733,53.25671899259804
9865,16743,31.78304327528939
9865,16753,18.349624650516933
9865,16763,12.842537337849068
9865,16773,13.980988016607158
9865,16783,-85.61852196089559
9865,16793,-80.63175244993865
9865,16803,-58.63320408354731
9865,16813,-55.27946414057034
9875,16423,-4.230433081516379
9875,16433,-4.687774479890789
9875,16443,-5.139037560823921
9875,16453,-2.08991213210494
9875,16463,-2.032910024521255
9875,16473,-1.5235877621521587
9875,16483,-1.22914405842995
9875,16493,-0.951602195920271
9875,16503,-2.1718093160957443
9875,16513,-1.8422245578908707
9875,16523,-1.511983244919532
9875,16533,0.11056195641184496
9875,16543,0.22458369153217683
9875,16553,0.1292449525721957
9875,16563,0.013233885074884544
9875,16573,-0.47580013517973674
9875,16583,-1.1814899241503674
9875,16593,-1.1784447435998238
9875,16603,-7.799720312562853
9875,16613,-6.538966704225016
9875,16623,-4.901630711864994
9875,16633,-1.851771450666559
9875,16643,-1.8873429397422234
9875,16653,-0.056283616467692976
9875,16663,-0.12911842586573874
9875,16673,-0.2105188917844436
9875,16683,-0.7702643266598108
9875,16693,-0.8842435406763918
9875,16703,-2.45713264711186
9875,16713,-2.7238929887603383
9875,16723,-2.6839528944760906
9875,16733,35.12961285345271
9875,16743,21.659183102536634
9875,16753,10.063555180204718
9875,16763,7.343792795778869
9875,16773,7.5835568827101145
9875,16783,-88.65078527291872
9875,16793,-87.44730728179958
9875,16803,-71.98586045548247
9875,16813,-69.13080905019116
9885,16423,-3.5311583120851657
9885,16433,-4.258266545838991
9885,16443,-5.151588917134644
9885,16453,-2.503266613791778
9885,16463,-2.8041917183504785
9885,16473,-2.2655850591031714
9885,16483,-2.060874164111295
9885,16493,-1.4904722578426237
9885,16503,-2.148305528687627
9885,16513,-1.7854636577026333
9885,16523,-1.4941770868094983
9885,16533,-0.7353082217519051
9885,16543,-0.41039287695413185
9885,16553,-0.2283487071467909
9885,16563,-0.16247447621527789
9885,16573,-0.4007732534441977
9885,16583,5.891803012979368
9885,16593,5.071313668704976
9885,16603,-9.598467917392112
9885,16613,-7.04299244352252
9885,16623,-4.278081676114665
9885,16633,2.942238849260763
9885,16643,2.724175665171503
9885,16653,9.247741745719837
9885,16663,9.05059245516212
9885,16673,8.233563614711317
9885,16683,10.016207710134482
9885,16693,11.06722346093055
9885,16703,11.469999541230651
9885,16713,10.766015999041416
9885,16723,9.89798046138502
9885,16733,-2.9915367376593287
9885,16743,-1.4173317960590004
9885,16753,-0.4712140709521129
9885,16763,-0.7986136201138954
9885,16773,-0.7834046177372449
9885,16783,5.287108501849149
9885,16793,5.059451725981932
9885,16803,9.231834988030174
9885,16813,8.631850168611424
9895,16423,-3.081466448500135
9895,16433,-3.530669950828736
9895,16443,-4.529433508002979
9895,16453,-2.3233546461338057
9895,16463,-2.797515114194096
9895,16473,-2.5927333718350503
9895,16483,-2.120813361957983
9895,16493,-1.696654697712359
9895,16503,-1.797382565775036
9895,16513,-1.6812947705398193
9895,16523,-1.3997362789882692
9895,16533,-1.2505864804329696
9895,16543,-1.072937758995534
9895,16553,-0.40375692531916973
9895,16563,-0.3973017885941892
9895,16573,-0.4210509168401706
9895,16583,6.402737884280656
9895,16593,6.83285806791581
9895,16603,-4.1657657557584695
9895,16613,-2.0705775151213976
9895,16623,-0.9418353682335812
9895,16633,0.9681810875704167
9895,16643,0.8377951558581906
9895,16653,6.88978076210377
9895,16663,6.732352961662842
9895,16673,6.737967085013667
9895,16683,4.6751857538697426
9895,16693,3.2550061335573326
9895,16703,1.8953169303353996
9895,16713,0.6407580172458318
9895,16723,0.1182454697486599
9895,16733,-3.3950174572160114
9895,16743,-1.5548391455736357
9895,16753,-0.37911592513365866
9895,16763,-0.6506239301447869
9895,16773,-0.5733084220769462
9895,16783,1.965849910608528
9895,16793,1.7485742758803888
9895,16803,4.508237900438404
9895,16813,3.4791723824096032
9905,16423,-0.012179306977043947
9905,16433,-0.13351204246965898
9905,16443,-0.49165748042970625
9905,16453,-6.104921413941623
9905,16463,-7.731073365873739
9905,16473,-7.462543494831619
9905,16483,-6.757517982688581
9905,16493,-5.841604608932824
9905,16503,0.026694627355470235
9905,16513,-0.02018687633200278
9905,16523,-0.12761711856684377
9905,16533,0.21794107427602905
9905,16543,0.0032476869459849844
9905,16553,0.1536747841387176
9905,16563,-0.16917563997368523
9905,16573,0.18728721295382167
9905,16583,9.163828477009234
9905,16593,8.792674427103053
9905,16603,-30007.979379231176
9905,16613,-29565.833426200683
9905,16623,-29286.413502268108
9905,16633,-28772.938599221336
9905,16643,-28529.473549573413
9905,16653,2.370126313392108
9905,16663,2.3195610869229193
9905,16673,2.9399501273078266
9905,16683,-0.45736887446356667
9905,16693,-4.528822586034506
9905,16703,-18.336710142575168
9905,16713,-16.14267906342094
9905,16723,-16.181830884415387
9905,16733,5.558643275021028
9905,16743,-5.982391865334206
9905,16753,-0.14526617507318695
9905,16763,-0.13343008991024652
9905,16773,-0.3717802769019847
9905,16783,-0.8695597945984566
9905,16793,-1.2579818862646
9905,16803,-2.353464546489261
9905,16813,-2.9612029175255095
9915,16423,0.2731532328693782
9915,16433,0.2084198529414487
9915,16443,0.108335005068954
9915,16453,-4.260269961719599
9915,16463,-6.3703188628492295
9915,16473,-6.348824142718071
9915,16483,-5.699247851217946
9915,16493,-5.299121826923068
9915,16503,0.07982691667756336
9915,16513,0.22529541420998322
9915,16523,0.08573334832225266
9915,16533,0.45288419459437756
9915,16543,0.15460288561779345
9915,16553,-0.3311403511975306
9915,16563,-0.9319060925258902
9915,16573,-1.6153424952713187
9915,16583,1.7920522256394968
9915,16593,0.5297013234307877
9915,16603,-26225.590463151086
9915,16613,-26028.231520106885
9915,16623,-25814.295704417767
9915,16633,-25588.582461272432
9915,16643,-25339.411453530724
9915,16653,0.3360850423418804
9915,16663,1.0781599873375733
9915,16673,-0.04552488090804507
9915,16683,-4.726842234689242
9915,16693,-7.2745629195628805
9915,16703,-18.2500916362692
9915,16713,-17.618648065726585
9915,16723,-17.595050508337874
9915,16733,3.806617354865454
9915,16743,3.944616298751941
9915,16753,-0.08633924075503563
9915,16763,-0.1352068537012321
9915,16773,-0.15747470770248873
9915,16783,-0.9075117865354634
9915,16793,-2.7187093029565523
9915,16803,-2.4921742294022926
9915,16813,-2.449185639379278
9925,16423,0.4811202518690032
9925,16433,0.5099384156278455
9925,16443,0.4809778215062459
9925,16453,-3.707686330446007
9925,16463,-3.9501613601528454
9925,16473,-4.149782906773465
9925,16483,-3.7500478268989474
9925,16493,-3.6116472433564133
9925,16503,0.6994050969737935
9925,16513,0.5946931985458712
9925,16523,0.6351667808707924
9925,16533,0.6750199924940596
9925,16543,0.4421288373346095
9925,16553,0.07607693618818923
9925,16563,-0.6953389549958167
9925,16573,-1.731916064359678
9925,16583,-1.3503486303011534
9925,16593,-2.4121830386061567
9925,16603,-22993.149537469966
9925,16613,-22797.29823998612
9925,16623,-22638.89596881841
9925,16633,-22392.692320885013
9925,16643,-22142.43084302333
9925,16653,-1.459377841667004
9925,16663,-1.5515955994556072
9925,16673,-3.071423391440033
9925,16683,-3.57188870093479
9925,16693,-7.408818013099802
9925,16703,-14.763987949677825
9925,16713,-15.237240977868636
9925,16723,-15.185715214588994
9925,16733,3.2740697918711583
9925,16743,4.67476726118956
9925,16753,0.07144672796902052
9925,16763,0.03584950301636747
9925,16773,0.0005569089630506063
9925,16783,0.34629909435942574
9925,16793,0.38532102408543034
9925,16803,-0.35712158035995634
9925,16813,-0.3900374340369246
9935,16423,0.620345639378217
9935,16433,0.6308477677452964
9935,16443,0.6953343450372693
9935,16453,-2.1150355155910012
9935,16463,-2.4083723934086385
9935,16473,-2.5724618818271785
9935,16483,-2.3506871519125645
9935,16493,-2.4520392168119662
9935,16503,0.42015555606529853
9935,16513,0.4866140705203059
9935,16523,0.5304564624752737
9935,16533,0.5266056647164867
9935,16543,0.40388160838527876
9935,16553,0.3821093665396682
9935,16563,-0.10437959492948101
9935,16573,-0.02841695346388695
9935,16583,0.6361576887506879
9935,16593,-0.36248064316852213
9935,16603,-19074.974937621293
9935,16613,-18863.59921519699
9935,16623,-18912.132805655383
9935,16633,-20063.694743090426
9935,16643,-20313.154621937116
9935,16653,-2.561840877380303
9935,16663,-2.4760094940497885
9935,16673,-2.388352721645345
9935,16683,2.1023329906679344
9935,16693,2.0339789858776265
9935,16703,-13.873086482584325
9935,16713,-14.791814846444607
9935,16723,-15.705383189189446
9935,16733,-9.9281881337006
9935,16743,-10.198261931370793
9935,16753,-1.3638025235918696
9935,16763,-1.2890245671074019
9935,16773,-1.0911500105789975
9935,16783,11.452779500796611
9935,16793,7.202074825014721
9935,16803,3.9956662856061365
9935,16813,2.285992391822662
9945,16423,0.45211653954946707
9945,16433,0.5044255862380731
9945,16443,0.4458134169913017
9945,16453,-0.6438697602639087
9945,16463,-0.8873109590417818
9945,16473,-1.1352541276642234
9945,16483,-1.1510988760051197
9945,16493,-1.2040201611594177
9945,16503,0.039387500939926046
9945,16513,0.028205954419251444
9945,16523,0.016850769542076538
9945,16533,-0.034666198836487805
9945,16543,-0.04551355605464158
9945,16553,0.0142957050052126
9945,16563,0.001390503989102232
9945,16573,-0.011662196214741183
9945,16583,3.292259390662809
9945,16593,3.4029198528373734
9945,16603,-21739.4908500581
9945,16613,-22003.53841929842
9945,16623,-22267.502443842088
9945,16633,-23222.765656789903
9945,16643,-23471.185944849385
9945,16653,-1.337503780021064
9945,16663,0.069967638228706
9945,16673,0.13077729504628843
9945,16683,9.118740603902994
9945,16693,8.117490246404929
9945,16703,-22.262433163421075
9945,16713,-23.732102079789467
9945,16723,-24.660762893974162
9945,16733,-25.168330236374015
9945,16743,-23.26295363136843
9945,16753,-3.2175946804995994
9945,16763,-2.771643195773789
9945,16773,-2.7870472146091863
9945,16783,8.669653082812589
9945,16793,6.055024913665408
9945,16803,1.2722929578817337
9945,16813,0.3357129983419207
