X,Z,preditcedLethality
9470,16430,-3.542787301926538
9470,16440,-0.9246237899642229
9470,16450,0.6931508925980814
9470,16460,1.6515405201088202
9470,16470,3.300592069158515
9470,16480,3.6407883282979037
9470,16490,3.7186472207801393
9470,16500,3.6871686430384525
9470,16510,3.795559829528897
9470,16520,3.493558604263127
9470,16530,3.179393602979771
9470,16540,2.621648708686158
9470,16550,1.8157960135447182
9470,16560,0.7935056777941178
9470,16570,-0.4856627273806887
9470,16580,0.8103691268190398
9470,16590,1.8423596682228414
9470,16600,2.6781994683784016
9470,16610,3.318351376239468
9470,16620,3.7454865137486344
9470,16630,4.005204846940595
9470,16640,4.051382202651523
9470,16650,4.037857643606014
9470,16660,3.853829447332164
9470,16670,3.4264369726996526
9470,16680,2.539808940840405
9470,16690,1.5909920501934747
9470,16700,1.0864195891341066
9470,16710,-0.28742308769033587
9470,16720,-1.4164250256517215
9470,16730,-4.477971411886276
9470,16740,-6.766191508444374
9470,16750,-8.327619160472091
9470,16760,-8.049879249500767
9470,16770,-6.859534201142143
9470,16780,-7.9843054094532455
9470,16790,-7.462753043485481
9470,16800,-4.331054807579541
9470,16810,0.020053853908592156
9470,16820,6.505932849635371
9480,16430,-4.215383104749966
9480,16440,-2.0414378474422965
9480,16450,-0.33921246871939603
9480,16460,1.4929494681487188
9480,16470,2.6008449178953783
9480,16480,2.9766250102807654
9480,16490,3.2517760538844067
9480,16500,3.5305578097581503
9480,16510,3.440275617301618
9480,16520,3.5184033981659026
9480,16530,3.432802163993472
9480,16540,2.9871727949229934
9480,16550,2.4387406581119206
9480,16560,1.6169799004300072
9480,16570,0.5415248510577906
9480,16580,-0.19048363250194522
9480,16590,1.0512981417753553
9480,16600,2.0689032188980887
9480,16610,2.8888690472145386
9480,16620,3.56047854011304
9480,16630,3.9759458233538165
9480,16640,4.218558142019983
9480,16650,4.25404626857693
9480,16660,4.111943836592394
9480,16670,3.637173969450137
9480,16680,3.1391371902958256
9480,16690,2.6905493965052663
9480,16700,1.6759207959898004
9480,16710,0.7248432835918286
9480,16720,-2.1217643938566906
9480,16730,-4.237431620236105
9480,16740,-5.923267017309076
9480,16750,-7.669729303888776
9480,16760,-9.250904555101684
9480,16770,-10.338419194181728
9480,16780,-8.332847380680946
9480,16790,-8.744582435238211
9480,16800,-5.001928642729652
9480,16810,-1.7606008607235641
9480,16820,2.355697848500973
9490,16430,-5.685441943752057
9490,16440,-2.2064473467983956
9490,16450,-0.5214033606783972
9490,16460,0.6437792060898695
9490,16470,1.6968879951491096
9490,16480,2.16523506620218
9490,16490,2.5699520272389047
9490,16500,2.74422932112459
9490,16510,3.0657655259394474
9490,16520,3.2216365075224087
9490,16530,3.282558606500205
9490,16540,3.23409257541535
9490,16550,2.8642189111119585
9490,16560,2.319909167952579
9490,16570,1.4274411383642467
9490,16580,0.2786107019775316
9490,16590,0.09395079365532094
9490,16600,1.2976037852269307
9490,16610,2.3430645600963405
9490,16620,3.117743971680496
9490,16630,3.6980770099074927
9490,16640,4.072963209849748
9490,16650,4.376670265830775
9490,16660,4.138255911915513
9490,16670,4.0459777158677745
9490,16680,3.5530103128811183
9490,16690,3.1094168468296
9490,16700,2.398754305574568
9490,16710,0.6211115120772752
9490,16720,-1.9315438392152786
9490,16730,-3.7019306605412443
9490,16740,-6.001636524843352
9490,16750,-7.553288894576916
9490,16760,-8.723280946553118
9490,16770,-10.010916850613683
9490,16780,-7.927060260120383
9490,16790,-2.6572531964779746
9490,16800,-2.5673240986228483
9490,16810,1.6294013944868122
9490,16820,5.3204958579161925
9500,16430,-5.477915135508219
9500,16440,-3.030768722869436
9500,16450,-1.7101280614385534
9500,16460,-0.555425364296481
9500,16470,0.3426300132180855
9500,16480,0.9256704122078054
9500,16490,1.461258890084531
9500,16500,1.9622268075400169
9500,16510,2.239215341639723
9500,16520,2.802331030136541
9500,16530,3.1655869099859753
9500,16540,3.2157042677048997
9500,16550,3.160741731689097
9500,16560,2.8706435698272106
9500,16570,2.1776202342082867
9500,16580,1.2042605174406242
9500,16590,0.0009949183019900554
9500,16600,0.44213946674035703
9500,16610,1.5881031843676456
9500,16620,2.5300488635649105
9500,16630,3.2782274856793365
9500,16640,3.753139330114482
9500,16650,4.057123099161334
9500,16660,4.257835030956253
9500,16670,4.0946010545939435
9500,16680,3.913610177448518
9500,16690,3.349101662413218
9500,16700,1.2169853145139355
9500,16710,-0.0822609840105204
9500,16720,-0.9908360816900239
9500,16730,-3.4961318270516837
9500,16740,-4.960025990322242
9500,16750,-6.569336453170388
9500,16760,-7.780483032080205
9500,16770,-8.341197486969364
9500,16780,-3.723288627939262
9500,16790,-3.364518270165967
9500,16800,-1.4183803512369058
9500,16810,-0.08434309193564404
9500,16820,1.3489129986467314
9510,16430,-7.083664494836947
9510,16440,-4.233360014357663
9510,16450,-3.407621409158406
9510,16460,-1.8083746215515935
9510,16470,-1.2724505354295084
9510,16480,-0.5306539842413014
9510,16490,0.29984119417825594
9510,16500,0.3689077646002219
9510,16510,1.3774911269866048
9510,16520,1.985663700857279
9510,16530,2.6438833875387164
9510,16540,3.1701165490829477
9510,16550,3.3481495077776087
9510,16560,3.228778055846664
9510,16570,2.7526280233307534
9510,16580,1.9381201306876263
9510,16590,0.9019512456685939
9510,16600,-0.3807943709334508
9510,16610,0.7243835976202471
9510,16620,1.8261912545475343
9510,16630,2.7110907626526126
9510,16640,3.3832099943398815
9510,16650,3.889822787417219
9510,16660,4.098204951125055
9510,16670,4.147697043784242
9510,16680,2.6392772485717324
9510,16690,2.0311038507042283
9510,16700,1.3781901213182026
9510,16710,0.689834634226393
9510,16720,-0.3109014535576322
9510,16730,-3.615559967030045
9510,16740,-4.600725671867895
9510,16750,-5.46358179312648
9510,16760,-6.231148331747541
9510,16770,-7.138446217446056
9510,16780,-3.345221159199611
9510,16790,-2.0518888987677006
9510,16800,-1.0601349869847785
9510,16810,-1.8261128753691627
9510,16820,-2.209300549022409
9520,16430,-8.36627200511223
9520,16440,-6.212468735825944
9520,16450,-4.639436569843824
9520,16460,-4.442261344218952
9520,16470,-3.2840759148719294
9520,16480,-2.0281192372178265
9520,16490,-1.7802393762811488
9520,16500,-0.6472808653226676
9520,16510,0.13446579576340545
9520,16520,1.4271342197219075
9520,16530,2.3518161701533313
9520,16540,3.058291784470344
9520,16550,3.387602579931486
9520,16560,3.4693864140546022
9520,16570,3.1799505709933427
9520,16580,2.5663019247670866
9520,16590,1.7158199216722252
9520,16600,0.6243788017562997
9520,16610,-0.27261643088281284
9520,16620,0.9950366705005277
9520,16630,2.065184321437243
9520,16640,2.8829291045662324
9520,16650,3.517051704647489
9520,16660,3.939015922573429
9520,16670,3.625557991764708
9520,16680,2.725524336863448
9520,16690,2.3718497707353614
9520,16700,1.9268199179041914
9520,16710,1.2780774739002259
9520,16720,0.053309706999173034
9520,16730,-2.784935518346605
9520,16740,-3.5301892319075816
9520,16750,-4.012985624118869
9520,16760,-5.072743599813688
9520,16770,-6.155451749281742
9520,16780,-2.110668837935098
9520,16790,-1.334209178466605
9520,16800,-1.7007768717245075
9520,16810,-1.832415404736253
9520,16820,-1.946755821290552
9530,16430,-10.908999442061528
9530,16440,-7.850604111220502
9530,16450,-7.770759178798354
9530,16460,-6.551178076471784
9530,16470,-6.076566946727436
9530,16480,-4.754659810250285
9530,16490,-3.3535795813124314
9530,16500,-2.4650592072068336
9530,16510,-0.7765290976424066
9530,16520,0.7850871397351136
9530,16530,1.8340161890297701
9530,16540,2.7117260882366865
9530,16550,3.375645079221506
9530,16560,3.6345845253306757
9530,16570,3.4487393795230097
9530,16580,3.017619004831594
9530,16590,2.3695681712509997
9530,16600,1.4652092734529796
9530,16610,0.3331568237596739
9530,16620,0.040308424429231327
9530,16630,1.2576701360195615
9530,16640,2.268736554112359
9530,16650,3.054904317631011
9530,16660,3.547252488575625
9530,16670,3.8529854970591075
9530,16680,2.858167872220806
9530,16690,2.687366561079164
9530,16700,2.3706576670223933
9530,16710,1.9663187690478043
9530,16720,0.6803061484839783
9530,16730,-1.9127346705388941
9530,16740,-2.4515878563145965
9530,16750,-3.379968876573012
9530,16760,-3.7943433747292503
9530,16770,-2.962164433953942
9530,16780,-1.2751512854867468
9530,16790,-1.3587620890254937
9530,16800,-0.8412089043652782
9530,16810,-0.2036031217463763
9530,16820,1.6877244088652996
9540,16430,-13.280819643616159
9540,16440,-12.10955922398432
9540,16450,-10.105486696584183
9540,16460,-9.93102231377167
9540,16470,-8.481746581968887
9540,16480,-6.405502427254781
9540,16490,-5.491732844671041
9540,16500,-3.585082046766028
9540,16510,-1.5391006254488002
9540,16520,0.13386708605532283
9540,16530,1.3731527997026016
9540,16540,2.483531940258217
9540,16550,3.2366569498956794
9540,16560,3.5549719929802923
9540,16570,3.603496635790392
9540,16580,3.3436782221888675
9540,16590,2.8579747878389252
9540,16600,2.183628492034527
9540,16610,1.2445103366424877
9540,16620,0.03763489947534615
9540,16630,0.34187331366630147
9540,16640,1.5182316203180712
9540,16650,2.4453270885806684
9540,16660,3.1565090704917647
9540,16670,3.6772741386959913
9540,16680,3.254835727750471
9540,16690,2.8570562323894344
9540,16700,2.6782344698773906
9540,16710,2.1471112671165113
9540,16720,0.7679457726750105
9540,16730,-0.8359783279421702
9540,16740,-2.4181148907803176
9540,16750,-2.752586529775104
9540,16760,-3.047766196436599
9540,16770,-1.1725223406512328
9540,16780,-1.3252311785122761
9540,16790,-0.47868942645487467
9540,16800,-0.2782771323846167
9540,16810,1.5113660555386583
9540,16820,2.4948034640272136
9550,16430,-16.93581094873092
9550,16440,-14.94929374775792
9550,16450,-14.977211046006225
9550,16460,-12.927343415103891
9550,16470,-11.833872477788603
9550,16480,-9.490573800518103
9550,16490,-7.091112007416177
9550,16500,-4.7145716588436315
9550,16510,-2.704792110674957
9550,16520,-0.7982429738452539
9550,16530,1.0328221447565622
9550,16540,2.0400539253073897
9550,16550,2.978014846643887
9550,16560,3.423124167415633
9550,16570,3.733307651855362
9550,16580,3.4792927929521564
9550,16590,3.2644169516760475
9550,16600,2.7947664571272797
9550,16610,1.9955070138867634
9550,16620,0.9855024312540086
9550,16630,-0.27456075727000695
9550,16640,0.6303339708233541
9550,16650,1.7409778668257971
9550,16660,2.6356829543137534
9550,16670,3.303882340282278
9550,16680,3.7683441402725046
9550,16690,3.238837033708851
9550,16700,2.1270764788737906
9550,16710,1.5731808989690144
9550,16720,1.2482072563625617
9550,16730,-0.24090508026156332
9550,16740,-1.260783803137619
9550,16750,-1.0718970484975832
9550,16760,-1.1245515834858382
9550,16770,-1.1782057697690829
9550,16780,-0.9369973401601546
9550,16790,-0.6406010867544762
9550,16800,1.1066095932386157
9550,16810,2.7874441411646056
9550,16820,3.6040218846504213
9560,16430,-22.377774952123048
9560,16440,-20.4254956253
9560,16450,-17.77759989350081
9560,16460,-17.087514584816926
9560,16470,-14.434292799213768
9560,16480,-11.259161927109144
9560,16490,-8.417545198168813
9560,16500,-5.826695262723886
9560,16510,-3.568641168985945
9560,16520,-1.3121835479456636
9560,16530,0.16881640152269695
9560,16540,1.3619505831211236
9560,16550,2.4863318259986715
9560,16560,3.4100490809704103
9560,16570,3.4111463916364793
9560,16580,3.6097497406500163
9560,16590,3.50252090984343
9560,16600,3.2285994352566676
9560,16610,2.6376542363201323
9560,16620,1.780427312591535
9560,16630,0.720509664013276
9560,16640,-0.3782583709706633
9560,16650,0.909477753251583
9560,16660,1.9641494654324738
9560,16670,2.7896999970021903
9560,16680,2.799404385895695
9560,16690,2.6974657915639315
9560,16700,2.2702240992143983
9560,16710,2.034552811836761
9560,16720,1.4207266477337472
9560,16730,0.19072141582610902
9560,16740,-0.18364901484990037
9560,16750,-0.8116127609868742
9560,16760,-1.126671849780092
9560,16770,-1.0605664278199822
9560,16780,-0.7668452963861268
9560,16790,0.04076387543943438
9560,16800,1.1938697077336253
9560,16810,2.4522897210098686
9560,16820,2.478246288905534
9570,16430,-26.909267442138663
9570,16440,-24.02614857904991
9570,16450,-23.114274846987392
9570,16460,-19.819679090414382
9570,16470,-16.27881941887705
9570,16480,-13.112194872620663
9570,16490,-10.056822560507555
9570,16500,-6.908243149591904
9570,16510,-4.311864552430174
9570,16520,-2.524188610724608
9570,16530,-1.0051215525190949
9570,16540,0.3589156630710426
9570,16550,1.6133519055701728
9570,16560,2.7408121777429404
9570,16570,3.3676787687656082
9570,16580,3.5401800283839973
9570,16590,3.6527352627396668
9570,16600,3.533143765876347
9570,16610,3.091880830132448
9570,16620,2.4698534022954686
9570,16630,1.5777366264479231
9570,16640,0.4408632915209885
9570,16650,-0.05986865078283932
9570,16660,1.1741604695484695
9570,16670,2.082743635639965
9570,16680,2.4203413529231135
9570,16690,2.6449036530199597
9570,16700,2.6227917372829785
9570,16710,2.457363181233643
9570,16720,1.7870415500973418
9570,16730,0.30682225482247594
9570,16740,-0.16789424361969862
9570,16750,-0.5913134690287323
9570,16760,-0.8771941219516894
9570,16770,-0.5941319623884262
9570,16780,-0.5334061883374219
9570,16790,0.6810945788496165
9570,16800,0.9004799928060971
9570,16810,1.4336696222829732
9570,16820,0.35583142525586764
9580,16430,-29.99319369374775
9580,16440,-29.25521701769059
9580,16450,-25.659874185833242
9580,16460,-22.05934788225005
9580,16470,-18.456317641653065
9580,16480,-14.926798368300393
9580,16490,-10.517678902905882
9580,16500,-7.677757623653715
9580,16510,-5.433404894057421
9580,16520,-3.5409244780326614
9580,16530,-1.853960497563556
9580,16540,-0.8759476559772321
9580,16550,0.8802299725810507
9580,16560,2.2718489045970247
9580,16570,2.918937009884901
9580,16580,3.464557285412775
9580,16590,3.618039588849584
9580,16600,3.7145532772990757
9580,16610,3.525693243061778
9580,16620,3.044033558066058
9580,16630,2.311675569492392
9580,16640,1.341253014144505
9580,16650,0.14505592763938435
9580,16660,0.24707275790779182
9580,16670,1.4674784700438557
9580,16680,2.0173846700969134
9580,16690,2.39552498492778
9580,16700,2.600445319399086
9580,16710,2.4179685204642567
9580,16720,1.6687964742251196
9580,16730,0.18625704681088484
9580,16740,-0.12551345764758404
9580,16750,-0.4045379678661587
9580,16760,-0.3838992208444023
9580,16770,-0.8986005122365648
9580,16780,0.05836588781811214
9580,16790,0.10505507548012316
9580,16800,0.8932747298378305
9580,16810,1.3019148682245745
9580,16820,-1.2956610437916685
9590,16430,-36.46736511987695
9590,16440,-32.116301022472975
9590,16450,-28.484802086093154
9590,16460,-24.316715866600465
9590,16470,-19.670486015008983
9590,16480,-15.36532833874157
9590,16490,-12.094131963448856
9590,16500,-8.97571280429452
9590,16510,-6.758537685208104
9590,16520,-4.179412419703146
9590,16530,-3.445563518087788
9590,16540,-1.3321035049506116
9590,16550,-0.11051574956832111
9590,16560,1.3855894312858257
9590,16570,2.4872012877806644
9590,16580,3.1236285012788043
9590,16590,3.6066922776630657
9590,16600,3.9068294234116117
9590,16610,3.8324108707159765
9590,16620,3.4953502072906417
9590,16630,2.929879841582352
9590,16640,2.111797671942825
9590,16650,1.0874310390236888
9590,16660,-0.20806868480936425
9590,16670,0.5634261107202578
9590,16680,1.5373959963304373
9590,16690,2.061337054146403
9590,16700,2.277304163511502
9590,16710,2.1493662352152887
9590,16720,1.2614189827975615
9590,16730,0.5709156656207619
9590,16740,0.019544817018420257
9590,16750,-0.19299888104365115
9590,16760,-0.2772742548763829
9590,16770,-0.19919390663437797
9590,16780,-0.5890058794298665
9590,16790,-0.350517475138608
9590,16800,-0.31951333639731105
9590,16810,0.15442458706698714
9590,16820,-1.7352968216156524
9600,16430,-39.03004814868738
9600,16440,-34.391044592289234
9600,16450,-29.9801958731882
9600,16460,-25.321702476003097
9600,16470,-20.639067391890737
9600,16480,-16.8624655079187
9600,16490,-13.275501534506724
9600,16500,-10.379657561271497
9600,16510,-8.545839469932016
9600,16520,-6.062096582563122
9600,16530,-3.5436507927087306
9600,16540,-2.188604442902936
9600,16550,-0.2919795757768786
9600,16560,1.0578786258708335
9600,16570,1.9863617447214241
9600,16580,2.9048437737851454
9600,16590,3.6235882145808134
9600,16600,3.929744998772802
9600,16610,4.027294569652883
9600,16620,3.8396314580823927
9600,16630,3.4200975035584937
9600,16640,2.75407815874243
9600,16650,1.8776937693923461
9600,16660,0.8025321929543339
9600,16670,-0.47926146130991987
9600,16680,0.8035341697277187
9600,16690,1.656793475265665
9600,16700,1.723901212664782
9600,16710,1.6180378091414156
9600,16720,1.4565858176352915
9600,16730,1.208512711531505
9600,16740,0.5290511738921924
9600,16750,-0.10881336907104133
9600,16760,-0.1691418881122453
9600,16770,-0.4783181156446328
9600,16780,-0.10041696156098512
9600,16790,-0.4191539728146094
9600,16800,0.017378816906723937
9600,16810,0.8418929380799045
9600,16820,-0.62815890940885
9610,16430,-41.58700071649513
9610,16440,-36.41447687395314
9610,16450,-31.257075732028603
9610,16460,-25.803246923830017
9610,16470,-22.044274413143654
9610,16480,-18.123391213253363
9610,16490,-14.843150724070355
9610,16500,-12.493981798378975
9610,16510,-9.588236954192315
9610,16520,-6.562870179660852
9610,16530,-4.678047993047969
9610,16540,-2.4696550019461534
9610,16550,-1.2609429600919957
9610,16560,0.36645833824959206
9610,16570,1.6431751646029151
9610,16580,2.8135159504246103
9610,16590,3.5007482689851024
9610,16600,3.8852496009735384
9610,16610,4.086103930440542
9610,16620,4.057573797262034
9610,16630,3.7261427422090208
9610,16640,3.2848653968757477
9610,16650,2.5701162923045873
9610,16660,1.682623785723674
9610,16670,0.5711975409483662
9610,16680,0.03159192961699636
9610,16690,0.9944968750471579
9610,16700,1.4560120095027567
9610,16710,1.6138605440490281
9610,16720,1.5811214797249722
9610,16730,0.9903349041295004
9610,16740,0.6458354104748953
9610,16750,0.1698596613243697
9610,16760,-0.2857626396597168
9610,16770,-0.05198271419604472
9610,16780,-0.2117547309249077
9610,16790,-0.10501363502644567
9610,16800,0.2770536438339142
9610,16810,0.6524644008123484
9610,16820,1.47750236277022
9620,16430,-43.37583624717796
9620,16440,-35.37262167656078
9620,16450,-30.54760486896459
9620,16460,-26.55311143675975
9620,16470,-23.141856374225554
9620,16480,-18.038536008817054
9620,16490,-16.609632842584816
9620,16500,-12.71003742516928
9620,16510,-10.32301036167581
9620,16520,-7.160530942187892
9620,16530,-4.751918819654122
9620,16540,-3.4868109565280645
9620,16550,-1.443708502820281
9620,16560,-0.09825158209629459
9620,16570,1.5203563357249599
9620,16580,2.377631793426613
9620,16590,3.1084267093750895
9620,16600,3.6345795317667515
9620,16610,3.9985670888239557
9620,16620,4.088592886247836
9620,16630,3.9822711104467765
9620,16640,3.6383448311976316
9620,16650,3.147771780402219
9620,16660,2.410503678620713
9620,16670,1.425749386957236
9620,16680,0.46509019039696636
9620,16690,0.3090465669633007
9620,16700,1.1352099123691208
9620,16710,1.5572513739579046
9620,16720,1.5195924187976975
9620,16730,1.2119171173517258
9620,16740,0.8264530379145872
9620,16750,0.4949920567920303
9620,16760,-0.008858199459775395
9620,16770,-0.31013303350470167
9620,16780,-0.3333608552498224
9620,16790,-0.20284885585354084
9620,16800,0.15278758911164791
9620,16810,1.0979714407570618
9620,16820,1.6574596847689231
9630,16430,-42.02201682515483
9630,16440,-36.55335728011507
9630,16450,-31.159135887405576
9630,16460,-27.77161974777089
9630,16470,-25.02938596762112
9630,16480,-20.986655328713848
9630,16490,-16.673374195301875
9630,16500,-13.989624535020127
9630,16510,-10.332538885028523
9630,16520,-7.19555021184275
9630,16530,-5.722233501063609
9630,16540,-3.5524469272980146
9630,16550,-1.9700713657977613
9630,16560,-0.3945092476568779
9630,16570,1.0677039416643281
9630,16580,2.102603966864018
9630,16590,2.841824847118534
9630,16600,3.3039440029092355
9630,16610,3.744665124575976
9630,16620,3.965706550361809
9630,16630,3.989140307722669
9630,16640,3.9443706272557253
9630,16650,3.567698810934174
9630,16660,2.9691563581958103
9630,16670,2.1900927574230082
9630,16680,1.1734291987522902
9630,16690,0.3060331816925968
9630,16700,0.5143753640945143
9630,16710,1.2174330854953321
9630,16720,1.4630415743931802
9630,16730,1.1208797214717547
9630,16740,0.9472360196987288
9630,16750,0.6583054030294152
9630,16760,0.2688838958814337
9630,16770,0.1355842136486669
9630,16780,-0.012363947404941289
9630,16790,-0.01622060183101892
9630,16800,0.13875647693685833
9630,16810,0.7457498939779224
9630,16820,1.8544005300507194
9640,16430,-43.707450898545716
9640,16440,-37.31220283316899
9640,16450,-32.22240926003362
9640,16460,-29.651695771380425
9640,16470,-25.461187868135028
9640,16480,-21.07001207295346
9640,16490,-18.11208705162882
9640,16500,-14.555689322579934
9640,16510,-11.072944563521851
9640,16520,-9.416032146008515
9640,16530,-6.798572285229179
9640,16540,-4.640358270495646
9640,16550,-2.991616944111222
9640,16560,-1.5365407004321878
9640,16570,0.20615189402026468
9640,16580,1.3830680800171407
9640,16590,1.938003455478443
9640,16600,2.869840380510016
9640,16610,3.3026513207082275
9640,16620,3.542770011240292
9640,16630,3.942275619733702
9640,16640,3.9221181089594315
9640,16650,3.685763560321841
9640,16660,3.3511547382099693
9640,16670,2.7933366241634614
9640,16680,1.8367697115746362
9640,16690,1.0041308742165254
9640,16700,0.1791524934310837
9640,16710,0.6981876602411505
9640,16720,1.1141541545329408
9640,16730,1.134141076610372
9640,16740,0.9350788399025338
9640,16750,0.7116619561121428
9640,16760,0.47023505252866604
9640,16770,0.44491377179533
9640,16780,0.25976859467056235
9640,16790,0.20168700598856448
9640,16800,-0.10377898727244306
9640,16810,0.8961574832126948
9640,16820,1.4752601159690086
9650,16430,-44.06233189275105
9650,16440,-36.453335334827806
9650,16450,-34.86149567964309
9650,16460,-30.364284914112936
9650,16470,-25.440281060583793
9650,16480,-22.53854647660941
9650,16490,-18.658522887865992
9650,16500,-16.81607204602974
9650,16510,-13.55923511481383
9650,16520,-10.650666475984341
9650,16530,-8.057668395250971
9650,16540,-6.020103044296281
9650,16550,-4.264310570283161
9650,16560,-2.5918078500013775
9650,16570,-1.1409023855480265
9650,16580,0.2998755333748764
9650,16590,1.5259901322632152
9650,16600,1.949586405699868
9650,16610,2.8126359900291846
9650,16620,3.190592592228207
9650,16630,3.545260884899205
9650,16640,3.6201904251500467
9650,16650,3.7644795930265853
9650,16660,3.6485398006273244
9650,16670,3.3335642036665827
9650,16680,2.695082365637913
9650,16690,1.6928442990858916
9650,16700,0.84694457810781
9650,16710,0.0333844505214157
9650,16720,0.7986474859309864
9650,16730,1.154734968663964
9650,16740,1.0836297628951916
9650,16750,0.828356514623159
9650,16760,0.6824422472987541
9650,16770,0.5033569320494005
9650,16780,0.7274150502711625
9650,16790,0.21397823569362506
9650,16800,0.40533341157209835
9650,16810,0.8154443931943312
9650,16820,1.2420062677940797
9660,16430,-44.047279448101094
9660,16440,-42.24951657449724
9660,16450,-36.253996297068504
9660,16460,-32.47316917932506
9660,16470,-27.860335649782687
9660,16480,-23.99201489146318
9660,16490,-22.114476922870693
9660,16500,-18.496316374301884
9660,16510,-14.848039971778455
9660,16520,-12.374436219673036
9660,16530,-9.285109900808944
9660,16540,-7.306952098945249
9660,16550,-5.907148065117948
9660,16560,-3.762246972063951
9660,16570,-1.7371441328884285
9660,16580,-0.29528249029109555
9660,16590,0.16362288297695526
9660,16600,1.0937658345862267
9660,16610,1.8583738970036134
9660,16620,2.609092139185629
9660,16630,2.8458815058213784
9660,16640,3.229750396843086
9660,16650,3.686351600386716
9660,16660,3.8195391866623116
9660,16670,3.601268243848049
9660,16680,3.280790980480257
9660,16690,2.4334414063150716
9660,16700,1.4798771068988532
9660,16710,0.689579161367612
9660,16720,0.30589999860388045
9660,16730,0.8887309482531747
9660,16740,1.132325362994983
9660,16750,0.9564508739744054
9660,16760,0.8668554416196921
9660,16770,0.647899466471314
9660,16780,0.7650076042578293
9660,16790,0.7081213569443583
9660,16800,0.5133509289694973
9660,16810,0.907364634946219
9660,16820,1.7005314257205195
9670,16430,-51.42646331985323
9670,16440,-43.6110543100759
9670,16450,-39.765654033903495
9670,16460,-34.15222568435603
9670,16470,-29.984261723261127
9670,16480,-27.85755434248751
9670,16490,-23.651919346938953
9670,16500,-19.910319561168585
9670,16510,-17.42314277441428
9670,16520,-14.039109201563985
9670,16530,-11.695468687813111
9670,16540,-9.257051930135972
9670,16550,-8.111650564901108
9670,16560,-5.75643383612754
9670,16570,-3.8214644074213493
9670,16580,-2.3854970006991647
9670,16590,-0.8521803928281284
9670,16600,-0.09826187688162191
9670,16610,0.3477731371165098
9670,16620,1.2884607641915378
9670,16630,2.2319567789400483
9670,16640,2.777401805383969
9670,16650,3.529561859373174
9670,16660,3.839707803390844
9670,16670,3.9613218964084154
9670,16680,3.6028330169923115
9670,16690,3.0051578751810175
9670,16700,2.1916769894844803
9670,16710,1.3131183747722637
9670,16720,0.5407095970533994
9670,16730,0.47282752456180505
9670,16740,0.9496221902830783
9670,16750,1.1531308118958346
9670,16760,1.0656973011144135
9670,16770,0.8751638701700029
9670,16780,0.7457127921919628
9670,16790,0.6331596463270204
9670,16800,0.7392742222764084
9670,16810,0.6669001858295052
9670,16820,1.2236779187523719
9680,16430,-53.749098282052834
9680,16440,-49.02738886014659
9680,16450,-42.972432515996914
9680,16460,-40.29748784261679
9680,16470,-35.65586935476683
9680,16480,-31.15057589388804
9680,16490,-26.277186543460573
9680,16500,-22.762562193296233
9680,16510,-18.515121099275056
9680,16520,-15.573054039475927
9680,16530,-13.872267169820802
9680,16540,-11.806826897326523
9680,16550,-9.217478288636556
9680,16560,-7.901775034978128
9680,16570,-6.098699805542502
9680,16580,-3.314448309003993
9680,16590,-2.862710383198396
9680,16600,-1.9416817857594855
9680,16610,-0.756628247305525
9680,16620,0.47364553014040167
9680,16630,1.3497291758069347
9680,16640,2.3240896861358453
9680,16650,3.2551470751217377
9680,16660,3.7516994569603335
9680,16670,3.8576944565642184
9680,16680,3.885369983133212
9680,16690,3.342298429700243
9680,16700,2.7661206003234535
9680,16710,1.9027045287375421
9680,16720,1.0983539492314243
9680,16730,0.45101001784861655
9680,16740,0.5894099347259062
9680,16750,1.1403038796417215
9680,16760,1.3441513280737134
9680,16770,1.0892767719559833
9680,16780,0.9701325601151862
9680,16790,0.7628911316617626
9680,16800,0.821282379051135
9680,16810,0.6073244157678732
9680,16820,0.5897768887122345
9690,16430,-58.19574990400753
9690,16440,-52.43212559395666
9690,16450,-49.665014283252084
9690,16460,-43.967813135727674
9690,16470,-39.10304274950665
9690,16480,-34.02293013874091
9690,16490,-29.01051475972324
9690,16500,-23.857687108747086
9690,16510,-21.17696191050191
9690,16520,-18.06060613938263
9690,16530,-16.275585191339232
9690,16540,-13.120966124499176
9690,16550,-11.758330496089442
9690,16560,-9.180545993340857
9690,16570,-7.769419975614852
9690,16580,-5.658942134567434
9690,16590,-4.886785576931041
9690,16600,-3.4397108522466344
9690,16610,-2.0612820501707767
9690,16620,-0.19325077493674891
9690,16630,0.6723205336641782
9690,16640,2.179881776515861
9690,16650,2.891293694064135
9690,16660,3.3966559847112863
9690,16670,3.9103149494076654
9690,16680,3.9151297834371874
9690,16690,3.576872812578962
9690,16700,2.9782795609263313
9690,16710,2.414425324676749
9690,16720,1.4737721536988895
9690,16730,0.9403457565566098
9690,16740,0.2827896085592038
9690,16750,0.7083489446764427
9690,16760,1.1590832690719732
9690,16770,0.9423239516793147
9690,16780,0.9334479239106995
9690,16790,0.7311880563088293
9690,16800,0.5528982247016456
9690,16810,0.5224652370905583
9690,16820,0.17514052164409
9700,16430,-62.921319982241364
9700,16440,-59.949793831574716
9700,16450,-54.005192259663204
9700,16460,-47.25150532487872
9700,16470,-42.1938911921117
9700,16480,-36.35995205548328
9700,16490,-30.637484279868815
9700,16500,-25.16954882069657
9700,16510,-22.92751011783744
9700,16520,-19.116891510616245
9700,16530,-17.359078351687096
9700,16540,-16.20922372797511
9700,16550,-13.302747873295587
9700,16560,-11.636471108561125
9700,16570,-9.45789468731008
9700,16580,-8.855133346043896
9700,16590,-6.886604773421382
9700,16600,-5.054317054274776
9700,16610,-2.9437108810043893
9700,16620,-1.7593356994779676
9700,16630,0.36091819886605014
9700,16640,1.2581300740144514
9700,16650,2.5679335238565746
9700,16660,3.2415398726698674
9700,16670,3.6417613755951566
9700,16680,3.809628005952758
9700,16690,3.677825916734754
9700,16700,3.272062696920145
9700,16710,2.82339993981055
9700,16720,1.7679627656352856
9700,16730,1.2793181969598775
9700,16740,0.8284498205769331
9700,16750,0.1560007193192477
9700,16760,0.8488913838897029
9700,16770,0.8077739451767195
9700,16780,0.7202285706270932
9700,16790,0.6374514632277382
9700,16800,0.5514230723058915
9700,16810,0.33109294816675483
9700,16820,0.045978923582947306
9710,16430,-71.63050214205111
9710,16440,-64.69866729855204
9710,16450,-57.582278130150804
9710,16460,-51.10000041173664
9710,16470,-44.9230844074464
9710,16480,-38.485701363779775
9710,16490,-32.49678695854498
9710,16500,-28.303808573003053
9710,16510,-23.95381736499442
9710,16520,-21.69279307957281
9710,16530,-20.383615559708495
9710,16540,-17.21411535012629
9710,16550,-16.254707358134063
9710,16560,-14.960589979069983
9710,16570,-12.651340210533153
9710,16580,-10.55598475796062
9710,16590,-8.457195809286812
9710,16600,-6.251526679313756
9710,16610,-3.991708401750586
9710,16620,-2.0323635602375565
9710,16630,-0.8010621222629841
9710,16640,0.7520173200825684
9710,16650,1.8050232038281524
9710,16660,2.6235338471037184
9710,16670,3.329783090792116
9710,16680,3.722319194810941
9710,16690,3.8531581234002097
9710,16700,3.5895991077788607
9710,16710,3.04303855551443
9710,16720,2.2565644579506827
9710,16730,1.4249044894101308
9710,16740,1.1291016801200064
9710,16750,0.670430812485897
9710,16760,0.4310704328984756
9710,16770,0.7441576906890734
9710,16780,0.5424024888847239
9710,16790,0.5138018558433539
9710,16800,0.549168217904703
9710,16810,0.4443124148871531
9710,16820,0.2452632983934473
9720,16430,-76.24127331506844
9720,16440,-67.77785178997954
9720,16450,-60.98620839460776
9720,16460,-53.48692817191748
9720,16470,-46.6494364607079
9720,16480,-39.70236796474203
9720,16490,-34.81241147073567
9720,16500,-28.93909674467094
9720,16510,-26.35817824133318
9720,16520,-24.91113152038248
9720,16530,-21.28015700007103
9720,16540,-19.724386469643292
9720,16550,-19.877812464931516
9720,16560,-17.555994780082592
9720,16570,-15.452687478835372
9720,16580,-12.819810142568798
9720,16590,-9.909566455018787
9720,16600,-7.732725856216181
9720,16610,-5.2533282109370525
9720,16620,-3.7633377943837982
9720,16630,-1.7335104363993854
9720,16640,-0.40507678133842306
9720,16650,0.9824732245247954
9720,16660,1.9976055595719244
9720,16670,2.85789762218498
9720,16680,3.540250186529668
9720,16690,4.031318358206974
9720,16700,3.8741524047560367
9720,16710,3.4508438895327394
9720,16720,2.604504151972563
9720,16730,1.577899195213131
9720,16740,1.2917753813586756
9720,16750,0.982262931986919
9720,16760,0.5200057161630065
9720,16770,0.5943992273595669
9720,16780,0.5615357019477288
9720,16790,0.5806374616040891
9720,16800,0.5240573263433791
9720,16810,0.42282423628636634
9720,16820,0.17545146215427598
9730,16430,-78.69126789043486
9730,16440,-70.52919582028338
9730,16450,-62.173610482081706
9730,16460,-53.8981642635326
9730,16470,-47.87467723641701
9730,16480,-41.83672982230782
9730,16490,-34.38656091951426
9730,16500,-31.609120064160557
9730,16510,-27.755536329936888
9730,16520,-26.14282701557442
9730,16530,-24.806081991158308
9730,16540,-24.40106030144757
9730,16550,-21.91634743849826
9730,16560,-19.52532224788471
9730,16570,-16.31926516275081
9730,16580,-14.183309709555132
9730,16590,-10.367313304819945
9730,16600,-8.89779029686688
9730,16610,-7.220118177005947
9730,16620,-4.65072493734424
9730,16630,-3.047737884068248
9730,16640,-1.4860087604671883
9730,16650,-0.09760653128895624
9730,16660,1.2214697877869898
9730,16670,2.3605944140427773
9730,16680,3.295225542805857
9730,16690,3.6667620105325205
9730,16700,4.123104121930252
9730,16710,4.001828725464096
9730,16720,2.917649248853269
9730,16730,1.9872831315485415
9730,16740,1.6907331185646126
9730,16750,1.4925769690916562
9730,16760,0.9173665476830235
9730,16770,0.2958024145660419
9730,16780,0.6137965477355105
9730,16790,0.745439491297277
9730,16800,0.8366661872908749
9730,16810,0.6127719928174293
9730,16820,0.1184402999314923
9740,16430,-81.66971155285249
9740,16440,-71.6844961418827
9740,16450,-63.05549818670303
9740,16460,-55.92113591842714
9740,16470,-47.77697726299276
9740,16480,-41.38970726164961
9740,16490,-37.12883353544948
9740,16500,-32.62176556699007
9740,16510,-29.80886149275215
9740,16520,-29.375891797586863
9740,16530,-29.36149672871138
9740,16540,-27.012470168171227
9740,16550,-24.54407388805439
9740,16560,-20.825233267784263
9740,16570,-18.993172706890398
9740,16580,-14.068231124040214
9740,16590,-13.095038492127475
9740,16600,-9.88331292369795
9740,16610,-8.132381031577415
9740,16620,-6.409555034387289
9740,16630,-4.5379242183457755
9740,16640,-2.8287010296988844
9740,16650,-0.7615170776085098
9740,16660,0.7285762285486128
9740,16670,1.7373514557398013
9740,16680,2.9659773794519606
9740,16690,3.5114221787310806
9740,16700,4.252390151347069
9740,16710,4.093256849152986
9740,16720,2.891148042592359
9740,16730,2.2050270770106537
9740,16740,2.0201621431105625
9740,16750,1.7710722441977786
9740,16760,1.3198247836208508
9740,16770,0.6985069981298548
9740,16780,0.41008226501395917
9740,16790,0.7276754077648206
9740,16800,0.9180382756666958
9740,16810,0.9257694268956194
9740,16820,0.323025571190645
9750,16430,-82.64723174381
9750,16440,-72.66037390098279
9750,16450,-65.07591947343118
9750,16460,-55.86368621952006
9750,16470,-49.024604475405944
9750,16480,-43.64258690051768
9750,16490,-36.930425491507116
9750,16500,-35.32568358061916
9750,16510,-35.804106625883655
9750,16520,-34.31020937678259
9750,16530,-32.00194675177154
9750,16540,-29.79704587569187
9750,16550,-25.834421668845426
9750,16560,-22.48565309695487
9750,16570,-19.148496007082215
9750,16580,-17.018946194272637
9750,16590,-13.844720884169714
9750,16600,-12.183970172898064
9750,16610,-10.389633898448885
9750,16620,-8.214019521656898
9750,16630,-5.988737814150117
9750,16640,-3.9405178549294235
9750,16650,-1.8346857816608666
9750,16660,-0.37078432846988685
9750,16670,1.3986752966819336
9750,16680,2.627377855473316
9750,16690,3.347170488340237
9750,16700,4.049747500563708
9750,16710,4.29515208441188
9750,16720,2.8716774055553027
9750,16730,2.185671512842771
9750,16740,1.9560303025381618
9750,16750,1.9868539459503265
9750,16760,1.7216836064796401
9750,16770,1.0299926603619012
9750,16780,0.5043188553351372
9750,16790,0.5704678296981697
9750,16800,0.881570187680649
9750,16810,1.0479171277827437
9750,16820,0.563170270911517
9760,16430,-82.06143807857482
9760,16440,-74.0682031787814
9760,16450,-62.82982083203514
9760,16460,-56.56543685410889
9760,16470,-50.95292156982326
9760,16480,-44.16532162203718
9760,16490,-41.89298148577236
9760,16500,-41.276552297833426
9760,16510,-39.48916361565225
9760,16520,-37.685581864059095
9760,16530,-35.38407783557802
9760,16540,-31.50462653312234
9760,16550,-27.941446649731386
9760,16560,-23.95676447882382
9760,16570,-21.692329234758972
9760,16580,-18.02828742756192
9760,16590,-16.664353017021625
9760,16600,-14.353924580361927
9760,16610,-12.139887027197425
9760,16620,-9.975672213823824
9760,16630,-7.627261582894397
9760,16640,-5.031571717692046
9760,16650,-3.340392762836356
9760,16660,-1.0809660270415375
9760,16670,0.8843801591642921
9760,16680,1.8557785743811066
9760,16690,2.9992660778907463
9760,16700,3.8391563511352516
9760,16710,4.277142853933138
9760,16720,3.43493688655498
9760,16730,2.1524351720406045
9760,16740,1.4988641464746064
9760,16750,1.8455366292885138
9760,16760,1.7717257536421587
9760,16770,1.146730251454809
9760,16780,0.5882375874661943
9760,16790,0.4563353982688471
9760,16800,0.6221422129492589
9760,16810,0.8403869341678565
9760,16820,0.5185407667796271
9770,16430,-82.99476359733127
9770,16440,-71.47227154013288
9770,16450,-65.11756912328767
9770,16460,-55.089994865402865
9770,16470,-51.45563505068834
9770,16480,-47.586292508021096
9770,16490,-47.217298272686975
9770,16500,-44.20737668831542
9770,16510,-42.617507432686644
9770,16520,-38.50974912320196
9770,16530,-37.148663944322244
9770,16540,-31.241854894227465
9770,16550,-29.34123162644385
9770,16560,-27.276887161131086
9770,16570,-22.631783848605053
9770,16580,-20.927023324811618
9770,16590,-18.673408503390796
9770,16600,-16.57488198527571
9770,16610,-14.215326442136025
9770,16620,-11.431886960543956
9770,16630,-8.666979214133569
9770,16640,-6.974253676344219
9770,16650,-4.017115161552889
9770,16660,-1.402831088527091
9770,16670,-0.15423213641087985
9770,16680,1.4135454275663828
9770,16690,2.7112800633361798
9770,16700,3.677293640328784
9770,16710,4.033460717352089
9770,16720,3.829092351576035
9770,16730,2.0251130959260544
9770,16740,1.7425835992712129
9770,16750,1.3592344691771188
9770,16760,1.5179494448855546
9770,16770,1.2140228755147584
9770,16780,0.6685215080828816
9770,16790,0.5170166936898184
9770,16800,0.40777561418270214
9770,16810,0.5398144811613402
9770,16820,0.5556645984366491
9780,16430,-81.97519915240278
9780,16440,-73.52602661593696
9780,16450,-62.73676011285783
9780,16460,-58.3930962773273
9780,16470,-54.44463969072715
9780,16480,-54.71909024151129
9780,16490,-50.29317977728431
9780,16500,-47.87613357763866
9780,16510,-43.63525842680552
9780,16520,-44.29111504571848
9780,16530,-37.368972112895264
9780,16540,-35.89105916183089
9780,16550,-31.479723387828386
9780,16560,-29.058775658189965
9780,16570,-26.203146997464266
9780,16580,-23.202532820421936
9780,16590,-20.957233895767253
9780,16600,-17.75254714601502
9780,16610,-14.763300226294948
9780,16620,-12.575428851185734
9780,16630,-9.458089506980706
9780,16640,-6.307573664985934
9780,16650,-4.402226759226632
9780,16660,-2.118430736174251
9780,16670,-0.2535528311810151
9780,16680,1.2529963638169863
9780,16690,2.4109919066118137
9780,16700,3.3851603769209855
9780,16710,3.883484895286483
9780,16720,3.731634763084222
9780,16730,2.4720583706190657
9780,16740,2.379744380959267
9780,16750,2.7494665090850874
9780,16760,2.577386285440032
9780,16770,2.1514996081907833
9780,16780,1.0358380711432134
9780,16790,0.6553561115542568
9780,16800,0.3989122092302956
9780,16810,0.35198551661815103
9780,16820,0.602484334039546
9790,16430,-82.70310606838642
9790,16440,-70.79868687954455
9790,16450,-66.28265358563337
9790,16460,-63.95037136543376
9790,16470,-61.93147593360369
9790,16480,-57.83288070797041
9790,16490,-54.30149716071378
9790,16500,-50.3030991554022
9790,16510,-47.86439187481099
9790,16520,-44.102509915019546
9790,16530,-42.683586745780715
9790,16540,-38.29913054586269
9790,16550,-35.72889992824817
9790,16560,-33.23241864171131
9790,16570,-29.321128257089505
9790,16580,-26.280895067752343
9790,16590,-22.58251765302958
9790,16600,-19.243707552063753
9790,16610,-16.930927983183643
9790,16620,-13.573283564733998
9790,16630,-9.825700017125385
9790,16640,-7.817540958399388
9790,16650,-5.1384160926351505
9790,16660,-3.005071193283165
9790,16670,-0.7711898288090002
9790,16680,0.33595853679464804
9790,16690,1.878386855772582
9790,16700,2.76915219279716
9790,16710,3.4284364008569503
9790,16720,3.528228404377684
9790,16730,2.611553870927999
9790,16740,2.591243259609703
9790,16750,2.6440422135201413
9790,16760,2.6490197156042377
9790,16770,2.4627931152651787
9790,16780,1.4977243003707328
9790,16790,0.7813519385837264
9790,16800,0.613219318790369
9790,16810,0.25424714888343697
9790,16820,0.46065688850183306
9800,16430,-79.98591421667477
9800,16440,-73.59061590208198
9800,16450,-71.43871017783026
9800,16460,-69.18338006344483
9800,16470,-64.87623692311098
9800,16480,-62.74925255469933
9800,16490,-56.49662230943165
9800,16500,-53.87421284349958
9800,16510,-50.25892106511338
9800,16520,-49.52867604717944
9800,16530,-44.88327796190931
9800,16540,-43.392987237788496
9800,16550,-39.87288071461007
9800,16560,-36.5504784702825
9800,16570,-32.770227135373794
9800,16580,-28.533601575717682
9800,16590,-24.610100979993813
9800,16600,-22.37923781140664
9800,16610,-18.170953459399065
9800,16620,-13.733442253620453
9800,16630,-10.723852602874935
9800,16640,-7.814545317659148
9800,16650,-5.292176452640199
9800,16660,-3.4052907463876143
9800,16670,-1.6313025881062235
9800,16680,-0.2062299079027352
9800,16690,0.8637836957436895
9800,16700,1.8279212652924328
9800,16710,2.7691529221071325
9800,16720,3.1264623328236962
9800,16730,1.9034465470591595
9800,16740,1.8477616518748317
9800,16750,2.3650944117405457
9800,16760,2.402056324972664
9800,16770,2.3704621707713587
9800,16780,1.5431319626142381
9800,16790,0.9127574315777847
9800,16800,0.825283406475847
9800,16810,0.5164888224986799
9800,16820,0.24320377591578968
9810,16430,-81.18814667401259
9810,16440,-78.89727965999508
9810,16450,-74.39344029661454
9810,16460,-70.33023973093302
9810,16470,-65.14710933017989
9810,16480,-64.37832078023564
9810,16490,-56.49292594837626
9810,16500,-55.79701293282657
9810,16510,-56.00628963527629
9810,16520,-51.87551760662328
9810,16530,-50.11715109689878
9810,16540,-47.50192329398491
9810,16550,-44.358753419429085
9810,16560,-40.56383727522475
9810,16570,-35.64096672085797
9810,16580,-30.725662424561506
9810,16590,-28.54658150262775
9810,16600,-20.733464845638434
9810,16610,-18.620730098219077
9810,16620,-14.966659868660763
9810,16630,-12.148853572123848
9810,16640,-9.035449732038312
9810,16650,-7.020473092352084
9810,16660,-4.3196342958877025
9810,16670,-2.6025580625050826
9810,16680,-1.0599510490243813
9810,16690,0.007347737364792106
9810,16700,1.1395352975455668
9810,16710,2.122718132543047
9810,16720,2.12186674393065
9810,16730,1.3798290263051345
9810,16740,0.6127314511731883
9810,16750,1.3079401869279441
9810,16760,1.9874929614011285
9810,16770,1.8183024613507797
9810,16780,1.08590725689159
9810,16790,0.7447623611131071
9810,16800,0.9627386054397711
9810,16810,0.7577455235644132
9810,16820,0.47193516983455225
9820,16430,-87.75927011244192
9820,16440,-81.292093568676
9820,16450,-77.21425097661175
9820,16460,-71.75522266286391
9820,16470,-71.14850308654712
9820,16480,-63.03573124547135
9820,16490,-62.48452474140334
9820,16500,-57.90953850815672
9820,16510,-57.94803259730356
9820,16520,-57.794090981344034
9820,16530,-54.69700379877479
9820,16540,-51.40403937678734
9820,16550,-47.06437712370566
9820,16560,-41.530699699391434
9820,16570,-38.01651504026144
9820,16580,-31.88335920135627
9820,16590,-26.09608373786257
9820,16600,-21.962814472888756
9820,16610,-18.437601144802734
9820,16620,-16.444158365690328
9820,16630,-12.98969239335841
9820,16640,-10.187596512580406
9820,16650,-7.579717606980248
9820,16660,-5.844644266357593
9820,16670,-4.002883877025953
9820,16680,-2.4267308428817143
9820,16690,-1.113707307644248
9820,16700,0.1869122808271393
9820,16710,0.7655392729124144
9820,16720,1.3219252802272217
9820,16730,0.548895018819707
9820,16740,0.1385716628260698
9820,16750,0.025497476483295145
9820,16760,0.7198439185796395
9820,16770,0.9887607473044637
9820,16780,0.8975289166987384
9820,16790,0.934136208253711
9820,16800,0.7219399671935495
9820,16810,0.741076270491666
9820,16820,0.6087302850331335
9830,16430,-89.99145227152471
9830,16440,-84.1547272683876
9830,16450,-78.3052801586966
9830,16460,-73.99513239257018
9830,16470,-69.30282767218888
9830,16480,-69.33160388461704
9830,16490,-64.50218052734073
9830,16500,-64.10965489256691
9830,16510,-64.258854203787
9830,16520,-62.461857198079386
9830,16530,-59.451568395127374
9830,16540,-55.127443720523395
9830,16550,-49.49846533759202
9830,16560,-45.97596887684626
9830,16570,-39.273892159938065
9830,16580,-32.22357809285791
9830,16590,-27.646923621868527
9830,16600,-23.739932174457213
9830,16610,-19.854128755823815
9830,16620,-17.929476779592935
9830,16630,-14.563992121379485
9830,16640,-12.047715652592203
9830,16650,-9.396807764529093
9830,16660,-7.720055980507771
9830,16670,-5.66312598574957
9830,16680,-3.766100861043427
9830,16690,-2.9320056101748446
9830,16700,-1.4846432733387265
9830,16710,-0.39053891180509526
9830,16720,-0.30343801050516683
9830,16730,-0.534768902930868
9830,16740,-0.21081626956569588
9830,16750,0.28185830971979575
9830,16760,1.21131116226668
9830,16770,1.6566893417512842
9830,16780,0.8906363109813051
9830,16790,0.9959457598131596
9830,16800,1.2742942680906568
9830,16810,1.3530531578120364
9830,16820,1.0972377485887694
9840,16430,-92.231031413951
9840,16440,-84.59757454836296
9840,16450,-80.07378859451153
9840,16460,-75.04532791124873
9840,16470,-75.3220776027219
9840,16480,-69.71907977366142
9840,16490,-69.86651941890486
9840,16500,-68.43802138955706
9840,16510,-68.26791196413919
9840,16520,-66.64539469181088
9840,16530,-62.378509744746154
9840,16540,-57.098076228707626
9840,16550,-55.1797596172119
9840,16560,-43.13558498556888
9840,16570,-39.51457299532102
9840,16580,-33.81701472367387
9840,16590,-29.507507700404506
9840,16600,-25.362956063364333
9840,16610,-23.197357221685632
9840,16620,-20.046128282145837
9840,16630,-17.447367952380723
9840,16640,-14.276229335704713
9840,16650,-12.2120256563324
9840,16660,-9.672460413411386
9840,16670,-7.374228877794678
9840,16680,-5.938417408092356
9840,16690,-4.267480815848771
9840,16700,-3.1214593839809237
9840,16710,-2.83007543966958
9840,16720,-1.5951509848275465
9840,16730,-1.6005292795879904
9840,16740,-1.5318498123220397
9840,16750,-0.36012839087898696
9840,16760,0.6688887380630484
9840,16770,1.4361465003126863
9840,16780,1.432847123196435
9840,16790,0.8601266857854162
9840,16800,1.599605600395715
9840,16810,1.7481956940642982
9840,16820,1.3209273111942954
9850,16430,-92.10143221710254
9850,16440,-79.77115600056895
9850,16450,-80.8327797314707
9850,16460,-81.24968241720934
9850,16470,-75.47363845731815
9850,16480,-75.37087562159233
9850,16490,-74.14077878484304
9850,16500,-74.08586481652891
9850,16510,-72.67096302906526
9850,16520,-69.76442186933272
9850,16530,-64.51460755440537
9850,16540,-62.96211525492146
9850,16550,-50.6543330641225
9850,16560,-44.60855179486686
9850,16570,-39.440177736538054
9850,16580,-33.450588927826644
9850,16590,-31.122314962085685
9850,16600,-27.15082878609387
9850,16610,-25.336108034307518
9850,16620,-23.415261801675797
9850,16630,-20.99613656458822
9850,16640,-17.950652957574718
9850,16650,-14.823544759406552
9850,16660,-12.98088410120895
9850,16670,-10.126235762006566
9850,16680,-7.912782008653005
9850,16690,-7.369283619882749
9850,16700,-5.7578003266255635
9850,16710,-4.488340899558505
9850,16720,-3.814595111435509
9850,16730,-2.864969523448997
9850,16740,-2.6319369436949054
9850,16750,-1.2941237754076051
9850,16760,-0.0410086720267846
9850,16770,1.0305813580295
9850,16780,1.3917382354676868
9850,16790,1.2765203738643027
9850,16800,1.8745003554740403
9850,16810,1.8133540028314727
9850,16820,1.4009220842898689
9860,16430,-86.97203978129265
9860,16440,-87.18433880787664
9860,16450,-80.98427218897382
9860,16460,-81.57300154568117
9860,16470,-81.5934828877783
9860,16480,-79.51916829254313
9860,16490,-77.8677089681408
9860,16500,-75.1371235215209
9860,16510,-72.20774012562121
9860,16520,-71.59965907855232
9860,16530,-65.33573049099348
9860,16540,-57.45172763921571
9860,16550,-51.27987591721592
9860,16560,-46.256737487549785
9860,16570,-40.00426171979613
9860,16580,-35.51711701363257
9860,16590,-30.453324753755936
9860,16600,-28.71248052361317
9860,16610,-27.634436065942726
9860,16620,-27.06849232973667
9860,16630,-23.98728954485175
9860,16640,-21.187669338113505
9860,16650,-19.08821126624285
9860,16660,-15.65973739437436
9860,16670,-12.614181687015737
9860,16680,-11.53579394655685
9860,16690,-9.619999895337248
9860,16700,-7.863682946700655
9860,16710,-7.188913590704834
9860,16720,-5.37601639675702
9860,16730,-3.911272418233827
9860,16740,-3.8577509618109276
9860,16750,-2.4166647145721796
9860,16760,-0.8332299825744998
9860,16770,0.329399183227165
9860,16780,1.4447409809955976
9860,16790,1.126173193352612
9860,16800,1.9367692095641313
9860,16810,2.0923699553451898
9860,16820,1.5019932549388368
9870,16430,-94.40196788368287
9870,16440,-86.99361457944212
9870,16450,-87.7439059863611
9870,16460,-87.96878832254038
9870,16470,-85.78951237226683
9870,16480,-83.72907894852693
9870,16490,-81.12618345808227
9870,16500,-76.60083993608808
9870,16510,-76.85360973863627
9870,16520,-66.02083774719401
9870,16530,-60.94430354999826
9870,16540,-56.472010268851086
9870,16550,-49.81225835047381
9870,16560,-46.66210107055357
9870,16570,-41.70207467036165
9870,16580,-37.31583897584288
9870,16590,-35.511686585156475
9870,16600,-33.77902657545393
9870,16610,-31.92431954603891
9870,16620,-29.828783284868294
9870,16630,-28.743688108843802
9870,16640,-25.319886004848332
9870,16650,-21.576733499801463
9870,16660,-20.46112261634564
9870,16670,-17.036284033061577
9870,16680,-14.014275160245177
9870,16690,-12.910547526129747
9870,16700,-10.724935052406273
9870,16710,-9.065610775916216
9870,16720,-7.356835264232174
9870,16730,-5.442024735274181
9870,16740,-4.193833738310911
9870,16750,-3.4591678885051675
9870,16760,-1.9018373428859987
9870,16770,-0.20958747498461028
9870,16780,0.8916740346108587
9870,16790,1.341442906822707
9870,16800,1.2052438364257285
9870,16810,1.680766715068459
9870,16820,1.8377357571160566
9880,16430,-93.28024722513163
9880,16440,-93.65255945134763
9880,16450,-91.97284698734742
9880,16460,-91.81071295259548
9880,16470,-89.9908937252912
9880,16480,-86.62553765646027
9880,16490,-82.08862982918637
9880,16500,-82.45461133966076
9880,16510,-70.70362436181695
9880,16520,-66.76868073348372
9880,16530,-62.88210119560913
9880,16540,-57.252553842969206
9880,16550,-54.097971805262596
9880,16560,-47.97865030673184
9880,16570,-43.81734193827919
9880,16580,-40.0706808121769
9880,16590,-38.66775071316092
9880,16600,-36.14387249490546
9880,16610,-34.653165726160076
9880,16620,-34.477070838856676
9880,16630,-31.563495800437813
9880,16640,-28.43340185937406
9880,16650,-27.193301835246793
9880,16660,-23.347893898330668
9880,16670,-19.67139846712303
9880,16680,-17.844840403146975
9880,16690,-14.959526208080739
9880,16700,-12.980282666191162
9880,16710,-11.180086277082143
9880,16720,-9.247317514842223
9880,16730,-6.987965592813554
9880,16740,-5.052584930392499
9880,16750,-2.832086777603671
9880,16760,-0.9910624552068499
9880,16770,0.35414119760233875
9880,16780,0.41405864214359545
9880,16790,1.2223721658739772
9880,16800,1.8636958719729262
9880,16810,2.303944591431013
9880,16820,2.475970726587093
9890,16430,-100.12573481179115
9890,16440,-97.89945977218969
9890,16450,-98.18527570986167
9890,16460,-95.94696423824819
9890,16470,-92.67586203391562
9890,16480,-88.16889067952435
9890,16490,-88.73599775712638
9890,16500,-70.42284021798501
9890,16510,-68.65353905267546
9890,16520,-68.69389801356914
9890,16530,-63.2484802389479
9890,16540,-59.897143516722934
9890,16550,-55.54596250647273
9890,16560,-52.28817236185428
9890,16570,-48.39568439681897
9890,16580,-44.490688442673125
9890,16590,-41.74011114160315
9890,16600,-39.381850521566136
9890,16610,-39.64416394447497
9890,16620,-37.834232553935465
9890,16630,-35.60678326151511
9890,16640,-34.80103516940219
9890,16650,-30.216577545223345
9890,16660,-26.369797078916335
9890,16670,-24.812877174737345
9890,16680,-21.00093183658398
9890,16690,-18.633184306605678
9890,16700,-15.44119230362368
9890,16710,-13.511818804575224
9890,16720,-11.11244683187915
9890,16730,-9.079060941274221
9890,16740,-6.252806189009998
9890,16750,-4.136557539930738
9890,16760,-1.986160970289529
9890,16770,-0.2878201128521334
9890,16780,1.3022001883380194
9890,16790,0.7315100683040092
9890,16800,1.5098696298812317
9890,16810,2.0944792410797626
9890,16820,2.46410381295415
9900,16430,-104.31631763743039
9900,16440,-102.87849606346538
9900,16450,-98.82712229472564
9900,16460,-93.08341412866274
9900,16470,-93.39736453449028
9900,16480,-79.62776343033616
9900,16490,-74.78649717513551
9900,16500,-71.42992625007689
9900,16510,-68.78481809879285
9900,16520,-69.15231529456686
9900,16530,-64.89893125039085
9900,16540,-62.796320669266244
9900,16550,-59.1607249369464
9900,16560,-57.01544103940047
9900,16570,-52.7204453305253
9900,16580,-47.9194591148817
9900,16590,-47.50622170835019
9900,16600,-44.92360877581028
9900,16610,-43.309896809139524
9900,16620,-44.51221358246614
9900,16630,-41.30690054344278
9900,16640,-37.979647128905064
9900,16650,-36.095597999658885
9900,16660,-31.477280860666443
9900,16670,-27.20024910743094
9900,16680,-23.62092049423528
9900,16690,-21.26947712342192
9900,16700,-18.671132197121523
9900,16710,-15.818256949707902
9900,16720,-12.912671450912036
9900,16730,-10.438986189096681
9900,16740,-8.120086829431848
9900,16750,-5.5110911243454
9900,16760,-3.264512789759426
9900,16770,-1.2777645637655977
9900,16780,0.28161579973172346
9900,16790,1.2825468012347607
9900,16800,1.2240898651025307
9900,16810,1.742800327585313
9900,16820,2.1632775908564152
9910,16430,-109.44473375592707
9910,16440,-104.86251254662301
9910,16450,-99.53188788676616
9910,16460,-97.91793187142574
9910,16470,-82.78124634875807
9910,16480,-79.46065274678693
9910,16490,-74.97502481507688
9910,16500,-70.61723035445837
9910,16510,-72.64820056326424
9910,16520,-69.8459648409092
9910,16530,-69.24250611113622
9910,16540,-66.05022277721066
9910,16550,-65.50698505955481
9910,16560,-61.37740597156993
9910,16570,-55.97373431242165
9910,16580,-54.15150841156689
9910,16590,-51.02948500060815
9910,16600,-49.591948468211015
9910,16610,-50.55109509704944
9910,16620,-47.768012927733785
9910,16630,-44.90788355882969
9910,16640,-43.80068935253269
9910,16650,-39.01667751252423
9910,16660,-34.87411607767161
9910,16670,-31.21401308156654
9910,16680,-27.22448025587736
9910,16690,-24.39003722376052
9910,16700,-21.740906152931633
9910,16710,-18.57081608111021
9910,16720,-16.095222578341506
9910,16730,-12.197106883780549
9910,16740,-9.624060446020781
9910,16750,-6.640902903475659
9910,16760,-4.451797688664001
9910,16770,-2.32296782224862
9910,16780,-0.5844967975503654
9910,16790,0.5798268840325362
9910,16800,1.7448682949689727
9910,16810,2.5111019690946392
9910,16820,2.126940887899773
9920,16430,-110.93469048343127
9920,16440,-105.63024929935298
9920,16450,-105.94452818752069
9920,16460,-81.41671109173825
9920,16470,-78.03358317479952
9920,16480,-74.37379733668871
9920,16490,-74.29581075842272
9920,16500,-70.58704955275603
9920,16510,-72.69117537770775
9920,16520,-73.87398772837999
9920,16530,-74.07267976631303
9920,16540,-72.620341400834
9920,16550,-70.00587736627216
9920,16560,-69.3512591510981
9920,16570,-64.75325884325464
9920,16580,-59.17153917614343
9920,16590,-60.71646936277308
9920,16600,-57.20859295066189
9920,16610,-54.48254692998096
9920,16620,-54.47157542189215
9920,16630,-50.20166433583939
9920,16640,-46.47647287176638
9920,16650,-42.160675050501546
9920,16660,-37.83868058357809
9920,16670,-33.37009729231669
9920,16680,-30.163957914194597
9920,16690,-27.84456014346988
9920,16700,-24.410501338062534
9920,16710,-21.17836563086867
9920,16720,-18.050583292841182
9920,16730,-14.302627872013396
9920,16740,-11.192955057002195
9920,16750,-8.415101655015606
9920,16760,-5.724594551833931
9920,16770,-3.541592484848185
9920,16780,-1.6969818556006442
9920,16790,-0.22101492528934097
9920,16800,1.1437740692994312
9920,16810,1.9776922613652084
9920,16820,2.641429257883783
9930,16430,-110.07024064178475
9930,16440,-91.48691451767931
9930,16450,-85.60399189413576
9930,16460,-81.08575380994569
9930,16470,-76.59062807226252
9930,16480,-77.47477072792785
9930,16490,-74.17874363886789
9930,16500,-74.43646731609658
9930,16510,-74.6920498764308
9930,16520,-78.24958421356456
9930,16530,-77.22696993760829
9930,16540,-76.53065643471254
9930,16550,-78.28157376190988
9930,16560,-74.51746668470422
9930,16570,-69.93380194953846
9930,16580,-69.81581503458068
9930,16590,-65.67357840037452
9930,16600,-62.20034428634517
9930,16610,-61.55681540292203
9930,16620,-57.83401258833884
9930,16630,-54.083702179281126
9930,16640,-49.98540744564628
9930,16650,-45.39147794020031
9930,16660,-40.593338439808505
9930,16670,-37.11508009651752
9930,16680,-32.42605211994525
9930,16690,-29.733278282488932
9930,16700,-26.83472063034918
9930,16710,-23.86837049945599
9930,16720,-19.709930668457268
9930,16730,-15.922945194604242
9930,16740,-12.928608729812872
9930,16750,-9.831033904341322
9930,16760,-7.45524454438187
9930,16770,-4.930965209315813
9930,16780,-2.903738134561966
9930,16790,-1.3609431562478034
9930,16800,0.15107179314499897
9930,16810,0.4703777209499207
9930,16820,0.7758824150712655
9940,16430,-89.5543295851765
9940,16440,-86.30539816584107
9940,16450,-79.74277284955818
9940,16460,-79.5777095973788
9940,16470,-78.55755871475196
9940,16480,-75.63562816694309
9940,16490,-75.61461997572488
9940,16500,-78.43954463360542
9940,16510,-79.81000986976905
9940,16520,-81.01180674498008
9940,16530,-85.20459605625972
9940,16540,-84.81328359014861
9940,16550,-83.69045274897722
9940,16560,-87.17338792809288
9940,16570,-81.41722739360253
9940,16580,-75.71339994054597
9940,16590,-73.99224179646319
9940,16600,-70.02329973918793
9940,16610,-66.61895038310757
9940,16620,-96.50764686106362
9940,16630,-90.21213551593415
9940,16640,-83.36395966137205
9940,16650,-49.057817707205466
9940,16660,-44.861135598270195
9940,16670,-39.47449078202527
9940,16680,-36.02408988983935
9940,16690,-33.05250206052721
9940,16700,-29.765603144040067
9940,16710,-25.02144646348907
9940,16720,-22.23395789981992
9940,16730,-17.749410766611362
9940,16740,-14.48373057435139
9940,16750,-11.592575902400775
9940,16760,-8.724773740905988
9940,16770,-6.137073193717033
9940,16780,-4.284087026059588
9940,16790,-2.331643322101016
9940,16800,-0.8096977895320916
9940,16810,-1.1364868900044196
9940,16820,-216.01578682388572
